(SET, None)
(SET, None)
(SET, None)
(CREATE TABLE, None)
(INSERT, None)
(CREATE TABLE, None)
(INSERT, None)
(ANALYZE, None)
(SELECT, 1750)
(23, 3, '2003-11-13', 0.1, 23, 0.38)
(23, 11, '2008-02-04', 0.03, 23, 0.38)
(23, 14, '2023-01-13', 0.26, 23, 0.38)
(23, 34, '2014-10-07', 0.74, 23, 0.38)
(23, 44, '2006-01-07', 0.59, 23, 0.38)
(23, 45, '2018-05-20', 0.74, 23, 0.38)
(23, 45, '2020-12-29', 0.13, 23, 0.38)
(23, 56, '2003-05-17', 0.06, 23, 0.38)
(23, 58, '2009-06-06', 0.51, 23, 0.38)
(23, 61, '2010-01-27', 0.02, 23, 0.38)
(23, 64, '2012-03-13', 0.98, 23, 0.38)
(23, 66, '2007-08-04', 0.1, 23, 0.38)
(23, 69, '2009-04-02', 0.04, 23, 0.38)
(23, 71, '2011-05-07', 0.23, 23, 0.38)
(23, 73, '2000-07-04', 0.26, 23, 0.38)
(23, 81, '2003-10-09', 0.18, 23, 0.38)
(23, 90, '2018-02-19', 0.86, 23, 0.38)
(23, 93, '2023-11-14', 0.23, 23, 0.38)
(23, 99, '2003-08-20', 0.04, 23, 0.38)
(28, 0, '2000-11-07', 0.41, 28, 0.08)
(28, 0, '2000-11-07', 0.41, 28, 0.09)
(28, 0, '2000-11-07', 0.41, 28, 0.3)
(28, 0, '2000-11-07', 0.41, 28, 0.31)
(28, 0, '2000-11-07', 0.41, 28, 0.39)
(28, 0, '2000-11-07', 0.41, 28, 0.44)
(28, 0, '2000-11-07', 0.41, 28, 0.48)
(28, 0, '2000-11-07', 0.41, 28, 0.54)
(28, 0, '2000-11-07', 0.41, 28, 0.63)
(28, 0, '2000-11-07', 0.41, 28, 0.65)
(28, 0, '2000-11-07', 0.41, 28, 0.65)
(28, 0, '2000-11-07', 0.41, 28, 0.65)
(28, 0, '2000-11-07', 0.41, 28, 0.8)
(28, 0, '2000-11-07', 0.41, 28, 0.82)
(28, 0, '2000-11-07', 0.41, 28, 0.84)
(28, 0, '2000-11-07', 0.41, 28, 0.87)
(28, 0, '2000-11-07', 0.41, 28, 0.91)
(28, 5, '2010-01-12', 0.53, 28, 0.08)
(28, 5, '2010-01-12', 0.53, 28, 0.09)
(28, 5, '2010-01-12', 0.53, 28, 0.3)
(28, 5, '2010-01-12', 0.53, 28, 0.31)
(28, 5, '2010-01-12', 0.53, 28, 0.39)
(28, 5, '2010-01-12', 0.53, 28, 0.44)
(28, 5, '2010-01-12', 0.53, 28, 0.48)
(28, 5, '2010-01-12', 0.53, 28, 0.54)
(28, 5, '2010-01-12', 0.53, 28, 0.63)
(28, 5, '2010-01-12', 0.53, 28, 0.65)
(28, 5, '2010-01-12', 0.53, 28, 0.65)
(28, 5, '2010-01-12', 0.53, 28, 0.65)
(28, 5, '2010-01-12', 0.53, 28, 0.8)
(28, 5, '2010-01-12', 0.53, 28, 0.82)
(28, 5, '2010-01-12', 0.53, 28, 0.84)
(28, 5, '2010-01-12', 0.53, 28, 0.87)
(28, 5, '2010-01-12', 0.53, 28, 0.91)
(28, 8, '2020-05-26', 0.64, 28, 0.08)
(28, 8, '2020-05-26', 0.64, 28, 0.09)
(28, 8, '2020-05-26', 0.64, 28, 0.3)
(28, 8, '2020-05-26', 0.64, 28, 0.31)
(28, 8, '2020-05-26', 0.64, 28, 0.39)
(28, 8, '2020-05-26', 0.64, 28, 0.44)
(28, 8, '2020-05-26', 0.64, 28, 0.48)
(28, 8, '2020-05-26', 0.64, 28, 0.54)
(28, 8, '2020-05-26', 0.64, 28, 0.63)
(28, 8, '2020-05-26', 0.64, 28, 0.65)
(28, 8, '2020-05-26', 0.64, 28, 0.65)
(28, 8, '2020-05-26', 0.64, 28, 0.65)
(28, 8, '2020-05-26', 0.64, 28, 0.8)
(28, 8, '2020-05-26', 0.64, 28, 0.82)
(28, 8, '2020-05-26', 0.64, 28, 0.84)
(28, 8, '2020-05-26', 0.64, 28, 0.87)
(28, 8, '2020-05-26', 0.64, 28, 0.91)
(28, 10, '2004-05-12', 0.23, 28, 0.08)
(28, 10, '2004-05-12', 0.23, 28, 0.09)
(28, 10, '2004-05-12', 0.23, 28, 0.3)
(28, 10, '2004-05-12', 0.23, 28, 0.31)
(28, 10, '2004-05-12', 0.23, 28, 0.39)
(28, 10, '2004-05-12', 0.23, 28, 0.44)
(28, 10, '2004-05-12', 0.23, 28, 0.48)
(28, 10, '2004-05-12', 0.23, 28, 0.54)
(28, 10, '2004-05-12', 0.23, 28, 0.63)
(28, 10, '2004-05-12', 0.23, 28, 0.65)
(28, 10, '2004-05-12', 0.23, 28, 0.65)
(28, 10, '2004-05-12', 0.23, 28, 0.65)
(28, 10, '2004-05-12', 0.23, 28, 0.8)
(28, 10, '2004-05-12', 0.23, 28, 0.82)
(28, 10, '2004-05-12', 0.23, 28, 0.84)
(28, 10, '2004-05-12', 0.23, 28, 0.87)
(28, 10, '2004-05-12', 0.23, 28, 0.91)
(28, 10, '2007-05-05', 0.84, 28, 0.08)
(28, 10, '2007-05-05', 0.84, 28, 0.09)
(28, 10, '2007-05-05', 0.84, 28, 0.3)
(28, 10, '2007-05-05', 0.84, 28, 0.31)
(28, 10, '2007-05-05', 0.84, 28, 0.39)
(28, 10, '2007-05-05', 0.84, 28, 0.44)
(28, 10, '2007-05-05', 0.84, 28, 0.48)
(28, 10, '2007-05-05', 0.84, 28, 0.54)
(28, 10, '2007-05-05', 0.84, 28, 0.63)
(28, 10, '2007-05-05', 0.84, 28, 0.65)
(28, 10, '2007-05-05', 0.84, 28, 0.65)
(28, 10, '2007-05-05', 0.84, 28, 0.65)
(28, 10, '2007-05-05', 0.84, 28, 0.8)
(28, 10, '2007-05-05', 0.84, 28, 0.82)
(28, 10, '2007-05-05', 0.84, 28, 0.84)
(28, 10, '2007-05-05', 0.84, 28, 0.87)
(28, 10, '2007-05-05', 0.84, 28, 0.91)
(28, 11, '2017-05-15', 0.24, 28, 0.08)
(28, 11, '2017-05-15', 0.24, 28, 0.09)
(28, 11, '2017-05-15', 0.24, 28, 0.3)
(28, 11, '2017-05-15', 0.24, 28, 0.31)
(28, 11, '2017-05-15', 0.24, 28, 0.39)
(28, 11, '2017-05-15', 0.24, 28, 0.44)
(28, 11, '2017-05-15', 0.24, 28, 0.48)
(28, 11, '2017-05-15', 0.24, 28, 0.54)
(28, 11, '2017-05-15', 0.24, 28, 0.63)
(28, 11, '2017-05-15', 0.24, 28, 0.65)
(28, 11, '2017-05-15', 0.24, 28, 0.65)
(28, 11, '2017-05-15', 0.24, 28, 0.65)
(28, 11, '2017-05-15', 0.24, 28, 0.8)
(28, 11, '2017-05-15', 0.24, 28, 0.82)
(28, 11, '2017-05-15', 0.24, 28, 0.84)
(28, 11, '2017-05-15', 0.24, 28, 0.87)
(28, 11, '2017-05-15', 0.24, 28, 0.91)
(28, 18, '2002-04-02', 0.8, 28, 0.08)
(28, 18, '2002-04-02', 0.8, 28, 0.09)
(28, 18, '2002-04-02', 0.8, 28, 0.3)
(28, 18, '2002-04-02', 0.8, 28, 0.31)
(28, 18, '2002-04-02', 0.8, 28, 0.39)
(28, 18, '2002-04-02', 0.8, 28, 0.44)
(28, 18, '2002-04-02', 0.8, 28, 0.48)
(28, 18, '2002-04-02', 0.8, 28, 0.54)
(28, 18, '2002-04-02', 0.8, 28, 0.63)
(28, 18, '2002-04-02', 0.8, 28, 0.65)
(28, 18, '2002-04-02', 0.8, 28, 0.65)
(28, 18, '2002-04-02', 0.8, 28, 0.65)
(28, 18, '2002-04-02', 0.8, 28, 0.8)
(28, 18, '2002-04-02', 0.8, 28, 0.82)
(28, 18, '2002-04-02', 0.8, 28, 0.84)
(28, 18, '2002-04-02', 0.8, 28, 0.87)
(28, 18, '2002-04-02', 0.8, 28, 0.91)
(28, 22, '2012-06-30', 0.46, 28, 0.08)
(28, 22, '2012-06-30', 0.46, 28, 0.09)
(28, 22, '2012-06-30', 0.46, 28, 0.3)
(28, 22, '2012-06-30', 0.46, 28, 0.31)
(28, 22, '2012-06-30', 0.46, 28, 0.39)
(28, 22, '2012-06-30', 0.46, 28, 0.44)
(28, 22, '2012-06-30', 0.46, 28, 0.48)
(28, 22, '2012-06-30', 0.46, 28, 0.54)
(28, 22, '2012-06-30', 0.46, 28, 0.63)
(28, 22, '2012-06-30', 0.46, 28, 0.65)
(28, 22, '2012-06-30', 0.46, 28, 0.65)
(28, 22, '2012-06-30', 0.46, 28, 0.65)
(28, 22, '2012-06-30', 0.46, 28, 0.8)
(28, 22, '2012-06-30', 0.46, 28, 0.82)
(28, 22, '2012-06-30', 0.46, 28, 0.84)
(28, 22, '2012-06-30', 0.46, 28, 0.87)
(28, 22, '2012-06-30', 0.46, 28, 0.91)
(28, 26, '2010-02-25', 0.53, 28, 0.08)
(28, 26, '2010-02-25', 0.53, 28, 0.09)
(28, 26, '2010-02-25', 0.53, 28, 0.3)
(28, 26, '2010-02-25', 0.53, 28, 0.31)
(28, 26, '2010-02-25', 0.53, 28, 0.39)
(28, 26, '2010-02-25', 0.53, 28, 0.44)
(28, 26, '2010-02-25', 0.53, 28, 0.48)
(28, 26, '2010-02-25', 0.53, 28, 0.54)
(28, 26, '2010-02-25', 0.53, 28, 0.63)
(28, 26, '2010-02-25', 0.53, 28, 0.65)
(28, 26, '2010-02-25', 0.53, 28, 0.65)
(28, 26, '2010-02-25', 0.53, 28, 0.65)
(28, 26, '2010-02-25', 0.53, 28, 0.8)
(28, 26, '2010-02-25', 0.53, 28, 0.82)
(28, 26, '2010-02-25', 0.53, 28, 0.84)
(28, 26, '2010-02-25', 0.53, 28, 0.87)
(28, 26, '2010-02-25', 0.53, 28, 0.91)
(28, 31, '2015-05-27', 0.21, 28, 0.08)
(28, 31, '2015-05-27', 0.21, 28, 0.09)
(28, 31, '2015-05-27', 0.21, 28, 0.3)
(28, 31, '2015-05-27', 0.21, 28, 0.31)
(28, 31, '2015-05-27', 0.21, 28, 0.39)
(28, 31, '2015-05-27', 0.21, 28, 0.44)
(28, 31, '2015-05-27', 0.21, 28, 0.48)
(28, 31, '2015-05-27', 0.21, 28, 0.54)
(28, 31, '2015-05-27', 0.21, 28, 0.63)
(28, 31, '2015-05-27', 0.21, 28, 0.65)
(28, 31, '2015-05-27', 0.21, 28, 0.65)
(28, 31, '2015-05-27', 0.21, 28, 0.65)
(28, 31, '2015-05-27', 0.21, 28, 0.8)
(28, 31, '2015-05-27', 0.21, 28, 0.82)
(28, 31, '2015-05-27', 0.21, 28, 0.84)
(28, 31, '2015-05-27', 0.21, 28, 0.87)
(28, 31, '2015-05-27', 0.21, 28, 0.91)
(28, 37, '2000-06-16', 0.69, 28, 0.08)
(28, 37, '2000-06-16', 0.69, 28, 0.09)
(28, 37, '2000-06-16', 0.69, 28, 0.3)
(28, 37, '2000-06-16', 0.69, 28, 0.31)
(28, 37, '2000-06-16', 0.69, 28, 0.39)
(28, 37, '2000-06-16', 0.69, 28, 0.44)
(28, 37, '2000-06-16', 0.69, 28, 0.48)
(28, 37, '2000-06-16', 0.69, 28, 0.54)
(28, 37, '2000-06-16', 0.69, 28, 0.63)
(28, 37, '2000-06-16', 0.69, 28, 0.65)
(28, 37, '2000-06-16', 0.69, 28, 0.65)
(28, 37, '2000-06-16', 0.69, 28, 0.65)
(28, 37, '2000-06-16', 0.69, 28, 0.8)
(28, 37, '2000-06-16', 0.69, 28, 0.82)
(28, 37, '2000-06-16', 0.69, 28, 0.84)
(28, 37, '2000-06-16', 0.69, 28, 0.87)
(28, 37, '2000-06-16', 0.69, 28, 0.91)
(28, 37, '2012-06-17', 0.92, 28, 0.08)
(28, 37, '2012-06-17', 0.92, 28, 0.09)
(28, 37, '2012-06-17', 0.92, 28, 0.3)
(28, 37, '2012-06-17', 0.92, 28, 0.31)
(28, 37, '2012-06-17', 0.92, 28, 0.39)
(28, 37, '2012-06-17', 0.92, 28, 0.44)
(28, 37, '2012-06-17', 0.92, 28, 0.48)
(28, 37, '2012-06-17', 0.92, 28, 0.54)
(28, 37, '2012-06-17', 0.92, 28, 0.63)
(28, 37, '2012-06-17', 0.92, 28, 0.65)
(28, 37, '2012-06-17', 0.92, 28, 0.65)
(28, 37, '2012-06-17', 0.92, 28, 0.65)
(28, 37, '2012-06-17', 0.92, 28, 0.8)
(28, 37, '2012-06-17', 0.92, 28, 0.82)
(28, 37, '2012-06-17', 0.92, 28, 0.84)
(28, 37, '2012-06-17', 0.92, 28, 0.87)
(28, 37, '2012-06-17', 0.92, 28, 0.91)
(28, 37, '2022-06-12', 0.08, 28, 0.08)
(28, 37, '2022-06-12', 0.08, 28, 0.09)
(28, 37, '2022-06-12', 0.08, 28, 0.3)
(28, 37, '2022-06-12', 0.08, 28, 0.31)
(28, 37, '2022-06-12', 0.08, 28, 0.39)
(28, 37, '2022-06-12', 0.08, 28, 0.44)
(28, 37, '2022-06-12', 0.08, 28, 0.48)
(28, 37, '2022-06-12', 0.08, 28, 0.54)
(28, 37, '2022-06-12', 0.08, 28, 0.63)
(28, 37, '2022-06-12', 0.08, 28, 0.65)
(28, 37, '2022-06-12', 0.08, 28, 0.65)
(28, 37, '2022-06-12', 0.08, 28, 0.65)
(28, 37, '2022-06-12', 0.08, 28, 0.8)
(28, 37, '2022-06-12', 0.08, 28, 0.82)
(28, 37, '2022-06-12', 0.08, 28, 0.84)
(28, 37, '2022-06-12', 0.08, 28, 0.87)
(28, 37, '2022-06-12', 0.08, 28, 0.91)
(28, 39, '2011-02-12', 0.75, 28, 0.08)
(28, 39, '2011-02-12', 0.75, 28, 0.09)
(28, 39, '2011-02-12', 0.75, 28, 0.3)
(28, 39, '2011-02-12', 0.75, 28, 0.31)
(28, 39, '2011-02-12', 0.75, 28, 0.39)
(28, 39, '2011-02-12', 0.75, 28, 0.44)
(28, 39, '2011-02-12', 0.75, 28, 0.48)
(28, 39, '2011-02-12', 0.75, 28, 0.54)
(28, 39, '2011-02-12', 0.75, 28, 0.63)
(28, 39, '2011-02-12', 0.75, 28, 0.65)
(28, 39, '2011-02-12', 0.75, 28, 0.65)
(28, 39, '2011-02-12', 0.75, 28, 0.65)
(28, 39, '2011-02-12', 0.75, 28, 0.8)
(28, 39, '2011-02-12', 0.75, 28, 0.82)
(28, 39, '2011-02-12', 0.75, 28, 0.84)
(28, 39, '2011-02-12', 0.75, 28, 0.87)
(28, 39, '2011-02-12', 0.75, 28, 0.91)
(28, 40, '2002-12-03', 0.12, 28, 0.08)
(28, 40, '2002-12-03', 0.12, 28, 0.09)
(28, 40, '2002-12-03', 0.12, 28, 0.3)
(28, 40, '2002-12-03', 0.12, 28, 0.31)
(28, 40, '2002-12-03', 0.12, 28, 0.39)
(28, 40, '2002-12-03', 0.12, 28, 0.44)
(28, 40, '2002-12-03', 0.12, 28, 0.48)
(28, 40, '2002-12-03', 0.12, 28, 0.54)
(28, 40, '2002-12-03', 0.12, 28, 0.63)
(28, 40, '2002-12-03', 0.12, 28, 0.65)
(28, 40, '2002-12-03', 0.12, 28, 0.65)
(28, 40, '2002-12-03', 0.12, 28, 0.65)
(28, 40, '2002-12-03', 0.12, 28, 0.8)
(28, 40, '2002-12-03', 0.12, 28, 0.82)
(28, 40, '2002-12-03', 0.12, 28, 0.84)
(28, 40, '2002-12-03', 0.12, 28, 0.87)
(28, 40, '2002-12-03', 0.12, 28, 0.91)
(28, 41, '2011-08-30', 0.21, 28, 0.08)
(28, 41, '2011-08-30', 0.21, 28, 0.09)
(28, 41, '2011-08-30', 0.21, 28, 0.3)
(28, 41, '2011-08-30', 0.21, 28, 0.31)
(28, 41, '2011-08-30', 0.21, 28, 0.39)
(28, 41, '2011-08-30', 0.21, 28, 0.44)
(28, 41, '2011-08-30', 0.21, 28, 0.48)
(28, 41, '2011-08-30', 0.21, 28, 0.54)
(28, 41, '2011-08-30', 0.21, 28, 0.63)
(28, 41, '2011-08-30', 0.21, 28, 0.65)
(28, 41, '2011-08-30', 0.21, 28, 0.65)
(28, 41, '2011-08-30', 0.21, 28, 0.65)
(28, 41, '2011-08-30', 0.21, 28, 0.8)
(28, 41, '2011-08-30', 0.21, 28, 0.82)
(28, 41, '2011-08-30', 0.21, 28, 0.84)
(28, 41, '2011-08-30', 0.21, 28, 0.87)
(28, 41, '2011-08-30', 0.21, 28, 0.91)
(28, 43, '2012-04-10', 0.58, 28, 0.08)
(28, 43, '2012-04-10', 0.58, 28, 0.09)
(28, 43, '2012-04-10', 0.58, 28, 0.3)
(28, 43, '2012-04-10', 0.58, 28, 0.31)
(28, 43, '2012-04-10', 0.58, 28, 0.39)
(28, 43, '2012-04-10', 0.58, 28, 0.44)
(28, 43, '2012-04-10', 0.58, 28, 0.48)
(28, 43, '2012-04-10', 0.58, 28, 0.54)
(28, 43, '2012-04-10', 0.58, 28, 0.63)
(28, 43, '2012-04-10', 0.58, 28, 0.65)
(28, 43, '2012-04-10', 0.58, 28, 0.65)
(28, 43, '2012-04-10', 0.58, 28, 0.65)
(28, 43, '2012-04-10', 0.58, 28, 0.8)
(28, 43, '2012-04-10', 0.58, 28, 0.82)
(28, 43, '2012-04-10', 0.58, 28, 0.84)
(28, 43, '2012-04-10', 0.58, 28, 0.87)
(28, 43, '2012-04-10', 0.58, 28, 0.91)
(28, 48, '2022-11-29', 0.8, 28, 0.08)
(28, 48, '2022-11-29', 0.8, 28, 0.09)
(28, 48, '2022-11-29', 0.8, 28, 0.3)
(28, 48, '2022-11-29', 0.8, 28, 0.31)
(28, 48, '2022-11-29', 0.8, 28, 0.39)
(28, 48, '2022-11-29', 0.8, 28, 0.44)
(28, 48, '2022-11-29', 0.8, 28, 0.48)
(28, 48, '2022-11-29', 0.8, 28, 0.54)
(28, 48, '2022-11-29', 0.8, 28, 0.63)
(28, 48, '2022-11-29', 0.8, 28, 0.65)
(28, 48, '2022-11-29', 0.8, 28, 0.65)
(28, 48, '2022-11-29', 0.8, 28, 0.65)
(28, 48, '2022-11-29', 0.8, 28, 0.8)
(28, 48, '2022-11-29', 0.8, 28, 0.82)
(28, 48, '2022-11-29', 0.8, 28, 0.84)
(28, 48, '2022-11-29', 0.8, 28, 0.87)
(28, 48, '2022-11-29', 0.8, 28, 0.91)
(28, 50, '2008-07-31', 0.46, 28, 0.08)
(28, 50, '2008-07-31', 0.46, 28, 0.09)
(28, 50, '2008-07-31', 0.46, 28, 0.3)
(28, 50, '2008-07-31', 0.46, 28, 0.31)
(28, 50, '2008-07-31', 0.46, 28, 0.39)
(28, 50, '2008-07-31', 0.46, 28, 0.44)
(28, 50, '2008-07-31', 0.46, 28, 0.48)
(28, 50, '2008-07-31', 0.46, 28, 0.54)
(28, 50, '2008-07-31', 0.46, 28, 0.63)
(28, 50, '2008-07-31', 0.46, 28, 0.65)
(28, 50, '2008-07-31', 0.46, 28, 0.65)
(28, 50, '2008-07-31', 0.46, 28, 0.65)
(28, 50, '2008-07-31', 0.46, 28, 0.8)
(28, 50, '2008-07-31', 0.46, 28, 0.82)
(28, 50, '2008-07-31', 0.46, 28, 0.84)
(28, 50, '2008-07-31', 0.46, 28, 0.87)
(28, 50, '2008-07-31', 0.46, 28, 0.91)
(28, 59, '2001-10-08', 0.28, 28, 0.08)
(28, 59, '2001-10-08', 0.28, 28, 0.09)
(28, 59, '2001-10-08', 0.28, 28, 0.3)
(28, 59, '2001-10-08', 0.28, 28, 0.31)
(28, 59, '2001-10-08', 0.28, 28, 0.39)
(28, 59, '2001-10-08', 0.28, 28, 0.44)
(28, 59, '2001-10-08', 0.28, 28, 0.48)
(28, 59, '2001-10-08', 0.28, 28, 0.54)
(28, 59, '2001-10-08', 0.28, 28, 0.63)
(28, 59, '2001-10-08', 0.28, 28, 0.65)
(28, 59, '2001-10-08', 0.28, 28, 0.65)
(28, 59, '2001-10-08', 0.28, 28, 0.65)
(28, 59, '2001-10-08', 0.28, 28, 0.8)
(28, 59, '2001-10-08', 0.28, 28, 0.82)
(28, 59, '2001-10-08', 0.28, 28, 0.84)
(28, 59, '2001-10-08', 0.28, 28, 0.87)
(28, 59, '2001-10-08', 0.28, 28, 0.91)
(28, 61, '2006-12-13', 0.98, 28, 0.08)
(28, 61, '2006-12-13', 0.98, 28, 0.09)
(28, 61, '2006-12-13', 0.98, 28, 0.3)
(28, 61, '2006-12-13', 0.98, 28, 0.31)
(28, 61, '2006-12-13', 0.98, 28, 0.39)
(28, 61, '2006-12-13', 0.98, 28, 0.44)
(28, 61, '2006-12-13', 0.98, 28, 0.48)
(28, 61, '2006-12-13', 0.98, 28, 0.54)
(28, 61, '2006-12-13', 0.98, 28, 0.63)
(28, 61, '2006-12-13', 0.98, 28, 0.65)
(28, 61, '2006-12-13', 0.98, 28, 0.65)
(28, 61, '2006-12-13', 0.98, 28, 0.65)
(28, 61, '2006-12-13', 0.98, 28, 0.8)
(28, 61, '2006-12-13', 0.98, 28, 0.82)
(28, 61, '2006-12-13', 0.98, 28, 0.84)
(28, 61, '2006-12-13', 0.98, 28, 0.87)
(28, 61, '2006-12-13', 0.98, 28, 0.91)
(28, 62, '2019-03-16', 0.71, 28, 0.08)
(28, 62, '2019-03-16', 0.71, 28, 0.09)
(28, 62, '2019-03-16', 0.71, 28, 0.3)
(28, 62, '2019-03-16', 0.71, 28, 0.31)
(28, 62, '2019-03-16', 0.71, 28, 0.39)
(28, 62, '2019-03-16', 0.71, 28, 0.44)
(28, 62, '2019-03-16', 0.71, 28, 0.48)
(28, 62, '2019-03-16', 0.71, 28, 0.54)
(28, 62, '2019-03-16', 0.71, 28, 0.63)
(28, 62, '2019-03-16', 0.71, 28, 0.65)
(28, 62, '2019-03-16', 0.71, 28, 0.65)
(28, 62, '2019-03-16', 0.71, 28, 0.65)
(28, 62, '2019-03-16', 0.71, 28, 0.8)
(28, 62, '2019-03-16', 0.71, 28, 0.82)
(28, 62, '2019-03-16', 0.71, 28, 0.84)
(28, 62, '2019-03-16', 0.71, 28, 0.87)
(28, 62, '2019-03-16', 0.71, 28, 0.91)
(28, 66, '2018-08-27', 0.72, 28, 0.08)
(28, 66, '2018-08-27', 0.72, 28, 0.09)
(28, 66, '2018-08-27', 0.72, 28, 0.3)
(28, 66, '2018-08-27', 0.72, 28, 0.31)
(28, 66, '2018-08-27', 0.72, 28, 0.39)
(28, 66, '2018-08-27', 0.72, 28, 0.44)
(28, 66, '2018-08-27', 0.72, 28, 0.48)
(28, 66, '2018-08-27', 0.72, 28, 0.54)
(28, 66, '2018-08-27', 0.72, 28, 0.63)
(28, 66, '2018-08-27', 0.72, 28, 0.65)
(28, 66, '2018-08-27', 0.72, 28, 0.65)
(28, 66, '2018-08-27', 0.72, 28, 0.65)
(28, 66, '2018-08-27', 0.72, 28, 0.8)
(28, 66, '2018-08-27', 0.72, 28, 0.82)
(28, 66, '2018-08-27', 0.72, 28, 0.84)
(28, 66, '2018-08-27', 0.72, 28, 0.87)
(28, 66, '2018-08-27', 0.72, 28, 0.91)
(28, 67, '2000-05-17', 0.45, 28, 0.08)
(28, 67, '2000-05-17', 0.45, 28, 0.09)
(28, 67, '2000-05-17', 0.45, 28, 0.3)
(28, 67, '2000-05-17', 0.45, 28, 0.31)
(28, 67, '2000-05-17', 0.45, 28, 0.39)
(28, 67, '2000-05-17', 0.45, 28, 0.44)
(28, 67, '2000-05-17', 0.45, 28, 0.48)
(28, 67, '2000-05-17', 0.45, 28, 0.54)
(28, 67, '2000-05-17', 0.45, 28, 0.63)
(28, 67, '2000-05-17', 0.45, 28, 0.65)
(28, 67, '2000-05-17', 0.45, 28, 0.65)
(28, 67, '2000-05-17', 0.45, 28, 0.65)
(28, 67, '2000-05-17', 0.45, 28, 0.8)
(28, 67, '2000-05-17', 0.45, 28, 0.82)
(28, 67, '2000-05-17', 0.45, 28, 0.84)
(28, 67, '2000-05-17', 0.45, 28, 0.87)
(28, 67, '2000-05-17', 0.45, 28, 0.91)
(28, 75, '2004-08-13', 0.57, 28, 0.08)
(28, 75, '2004-08-13', 0.57, 28, 0.09)
(28, 75, '2004-08-13', 0.57, 28, 0.3)
(28, 75, '2004-08-13', 0.57, 28, 0.31)
(28, 75, '2004-08-13', 0.57, 28, 0.39)
(28, 75, '2004-08-13', 0.57, 28, 0.44)
(28, 75, '2004-08-13', 0.57, 28, 0.48)
(28, 75, '2004-08-13', 0.57, 28, 0.54)
(28, 75, '2004-08-13', 0.57, 28, 0.63)
(28, 75, '2004-08-13', 0.57, 28, 0.65)
(28, 75, '2004-08-13', 0.57, 28, 0.65)
(28, 75, '2004-08-13', 0.57, 28, 0.65)
(28, 75, '2004-08-13', 0.57, 28, 0.8)
(28, 75, '2004-08-13', 0.57, 28, 0.82)
(28, 75, '2004-08-13', 0.57, 28, 0.84)
(28, 75, '2004-08-13', 0.57, 28, 0.87)
(28, 75, '2004-08-13', 0.57, 28, 0.91)
(28, 80, '2006-06-15', 0.53, 28, 0.08)
(28, 80, '2006-06-15', 0.53, 28, 0.09)
(28, 80, '2006-06-15', 0.53, 28, 0.3)
(28, 80, '2006-06-15', 0.53, 28, 0.31)
(28, 80, '2006-06-15', 0.53, 28, 0.39)
(28, 80, '2006-06-15', 0.53, 28, 0.44)
(28, 80, '2006-06-15', 0.53, 28, 0.48)
(28, 80, '2006-06-15', 0.53, 28, 0.54)
(28, 80, '2006-06-15', 0.53, 28, 0.63)
(28, 80, '2006-06-15', 0.53, 28, 0.65)
(28, 80, '2006-06-15', 0.53, 28, 0.65)
(28, 80, '2006-06-15', 0.53, 28, 0.65)
(28, 80, '2006-06-15', 0.53, 28, 0.8)
(28, 80, '2006-06-15', 0.53, 28, 0.82)
(28, 80, '2006-06-15', 0.53, 28, 0.84)
(28, 80, '2006-06-15', 0.53, 28, 0.87)
(28, 80, '2006-06-15', 0.53, 28, 0.91)
(28, 91, '2023-02-11', 0.73, 28, 0.08)
(28, 91, '2023-02-11', 0.73, 28, 0.09)
(28, 91, '2023-02-11', 0.73, 28, 0.3)
(28, 91, '2023-02-11', 0.73, 28, 0.31)
(28, 91, '2023-02-11', 0.73, 28, 0.39)
(28, 91, '2023-02-11', 0.73, 28, 0.44)
(28, 91, '2023-02-11', 0.73, 28, 0.48)
(28, 91, '2023-02-11', 0.73, 28, 0.54)
(28, 91, '2023-02-11', 0.73, 28, 0.63)
(28, 91, '2023-02-11', 0.73, 28, 0.65)
(28, 91, '2023-02-11', 0.73, 28, 0.65)
(28, 91, '2023-02-11', 0.73, 28, 0.65)
(28, 91, '2023-02-11', 0.73, 28, 0.8)
(28, 91, '2023-02-11', 0.73, 28, 0.82)
(28, 91, '2023-02-11', 0.73, 28, 0.84)
(28, 91, '2023-02-11', 0.73, 28, 0.87)
(28, 91, '2023-02-11', 0.73, 28, 0.91)
(28, 93, '2020-01-24', 0.3, 28, 0.08)
(28, 93, '2020-01-24', 0.3, 28, 0.09)
(28, 93, '2020-01-24', 0.3, 28, 0.3)
(28, 93, '2020-01-24', 0.3, 28, 0.31)
(28, 93, '2020-01-24', 0.3, 28, 0.39)
(28, 93, '2020-01-24', 0.3, 28, 0.44)
(28, 93, '2020-01-24', 0.3, 28, 0.48)
(28, 93, '2020-01-24', 0.3, 28, 0.54)
(28, 93, '2020-01-24', 0.3, 28, 0.63)
(28, 93, '2020-01-24', 0.3, 28, 0.65)
(28, 93, '2020-01-24', 0.3, 28, 0.65)
(28, 93, '2020-01-24', 0.3, 28, 0.65)
(28, 93, '2020-01-24', 0.3, 28, 0.8)
(28, 93, '2020-01-24', 0.3, 28, 0.82)
(28, 93, '2020-01-24', 0.3, 28, 0.84)
(28, 93, '2020-01-24', 0.3, 28, 0.87)
(28, 93, '2020-01-24', 0.3, 28, 0.91)
(28, 96, '2016-08-15', 0.02, 28, 0.08)
(28, 96, '2016-08-15', 0.02, 28, 0.09)
(28, 96, '2016-08-15', 0.02, 28, 0.3)
(28, 96, '2016-08-15', 0.02, 28, 0.31)
(28, 96, '2016-08-15', 0.02, 28, 0.39)
(28, 96, '2016-08-15', 0.02, 28, 0.44)
(28, 96, '2016-08-15', 0.02, 28, 0.48)
(28, 96, '2016-08-15', 0.02, 28, 0.54)
(28, 96, '2016-08-15', 0.02, 28, 0.63)
(28, 96, '2016-08-15', 0.02, 28, 0.65)
(28, 96, '2016-08-15', 0.02, 28, 0.65)
(28, 96, '2016-08-15', 0.02, 28, 0.65)
(28, 96, '2016-08-15', 0.02, 28, 0.8)
(28, 96, '2016-08-15', 0.02, 28, 0.82)
(28, 96, '2016-08-15', 0.02, 28, 0.84)
(28, 96, '2016-08-15', 0.02, 28, 0.87)
(28, 96, '2016-08-15', 0.02, 28, 0.91)
(53, 2, '2007-10-21', 0.14, 53, 0.01)
(53, 2, '2007-10-21', 0.14, 53, 0.02)
(53, 2, '2007-10-21', 0.14, 53, 0.1)
(53, 2, '2007-10-21', 0.14, 53, 0.14)
(53, 2, '2007-10-21', 0.14, 53, 0.19)
(53, 2, '2007-10-21', 0.14, 53, 0.2)
(53, 2, '2007-10-21', 0.14, 53, 0.2)
(53, 2, '2007-10-21', 0.14, 53, 0.22)
(53, 2, '2007-10-21', 0.14, 53, 0.25)
(53, 2, '2007-10-21', 0.14, 53, 0.33)
(53, 2, '2007-10-21', 0.14, 53, 0.4)
(53, 2, '2007-10-21', 0.14, 53, 0.43)
(53, 2, '2007-10-21', 0.14, 53, 0.46)
(53, 2, '2007-10-21', 0.14, 53, 0.47)
(53, 2, '2007-10-21', 0.14, 53, 0.57)
(53, 2, '2007-10-21', 0.14, 53, 0.59)
(53, 2, '2007-10-21', 0.14, 53, 0.61)
(53, 2, '2007-10-21', 0.14, 53, 0.61)
(53, 2, '2007-10-21', 0.14, 53, 0.62)
(53, 2, '2007-10-21', 0.14, 53, 0.63)
(53, 2, '2007-10-21', 0.14, 53, 0.65)
(53, 2, '2007-10-21', 0.14, 53, 0.66)
(53, 2, '2007-10-21', 0.14, 53, 0.67)
(53, 2, '2007-10-21', 0.14, 53, 0.71)
(53, 2, '2007-10-21', 0.14, 53, 0.73)
(53, 2, '2007-10-21', 0.14, 53, 0.74)
(53, 2, '2007-10-21', 0.14, 53, 0.75)
(53, 2, '2007-10-21', 0.14, 53, 0.76)
(53, 2, '2007-10-21', 0.14, 53, 0.77)
(53, 2, '2007-10-21', 0.14, 53, 0.8)
(53, 2, '2007-10-21', 0.14, 53, 0.82)
(53, 2, '2007-10-21', 0.14, 53, 0.82)
(53, 2, '2007-10-21', 0.14, 53, 0.85)
(53, 2, '2007-10-21', 0.14, 53, 0.88)
(53, 2, '2007-10-21', 0.14, 53, 0.88)
(53, 2, '2007-10-21', 0.14, 53, 0.91)
(53, 2, '2007-10-21', 0.14, 53, 0.94)
(53, 2, '2007-10-21', 0.14, 53, 0.98)
(53, 4, '2000-08-28', 0.46, 53, 0.01)
(53, 4, '2000-08-28', 0.46, 53, 0.02)
(53, 4, '2000-08-28', 0.46, 53, 0.1)
(53, 4, '2000-08-28', 0.46, 53, 0.14)
(53, 4, '2000-08-28', 0.46, 53, 0.19)
(53, 4, '2000-08-28', 0.46, 53, 0.2)
(53, 4, '2000-08-28', 0.46, 53, 0.2)
(53, 4, '2000-08-28', 0.46, 53, 0.22)
(53, 4, '2000-08-28', 0.46, 53, 0.25)
(53, 4, '2000-08-28', 0.46, 53, 0.33)
(53, 4, '2000-08-28', 0.46, 53, 0.4)
(53, 4, '2000-08-28', 0.46, 53, 0.43)
(53, 4, '2000-08-28', 0.46, 53, 0.46)
(53, 4, '2000-08-28', 0.46, 53, 0.47)
(53, 4, '2000-08-28', 0.46, 53, 0.57)
(53, 4, '2000-08-28', 0.46, 53, 0.59)
(53, 4, '2000-08-28', 0.46, 53, 0.61)
(53, 4, '2000-08-28', 0.46, 53, 0.61)
(53, 4, '2000-08-28', 0.46, 53, 0.62)
(53, 4, '2000-08-28', 0.46, 53, 0.63)
(53, 4, '2000-08-28', 0.46, 53, 0.65)
(53, 4, '2000-08-28', 0.46, 53, 0.66)
(53, 4, '2000-08-28', 0.46, 53, 0.67)
(53, 4, '2000-08-28', 0.46, 53, 0.71)
(53, 4, '2000-08-28', 0.46, 53, 0.73)
(53, 4, '2000-08-28', 0.46, 53, 0.74)
(53, 4, '2000-08-28', 0.46, 53, 0.75)
(53, 4, '2000-08-28', 0.46, 53, 0.76)
(53, 4, '2000-08-28', 0.46, 53, 0.77)
(53, 4, '2000-08-28', 0.46, 53, 0.8)
(53, 4, '2000-08-28', 0.46, 53, 0.82)
(53, 4, '2000-08-28', 0.46, 53, 0.82)
(53, 4, '2000-08-28', 0.46, 53, 0.85)
(53, 4, '2000-08-28', 0.46, 53, 0.88)
(53, 4, '2000-08-28', 0.46, 53, 0.88)
(53, 4, '2000-08-28', 0.46, 53, 0.91)
(53, 4, '2000-08-28', 0.46, 53, 0.94)
(53, 4, '2000-08-28', 0.46, 53, 0.98)
(53, 16, '2010-05-03', 0.39, 53, 0.01)
(53, 16, '2010-05-03', 0.39, 53, 0.02)
(53, 16, '2010-05-03', 0.39, 53, 0.1)
(53, 16, '2010-05-03', 0.39, 53, 0.14)
(53, 16, '2010-05-03', 0.39, 53, 0.19)
(53, 16, '2010-05-03', 0.39, 53, 0.2)
(53, 16, '2010-05-03', 0.39, 53, 0.2)
(53, 16, '2010-05-03', 0.39, 53, 0.22)
(53, 16, '2010-05-03', 0.39, 53, 0.25)
(53, 16, '2010-05-03', 0.39, 53, 0.33)
(53, 16, '2010-05-03', 0.39, 53, 0.4)
(53, 16, '2010-05-03', 0.39, 53, 0.43)
(53, 16, '2010-05-03', 0.39, 53, 0.46)
(53, 16, '2010-05-03', 0.39, 53, 0.47)
(53, 16, '2010-05-03', 0.39, 53, 0.57)
(53, 16, '2010-05-03', 0.39, 53, 0.59)
(53, 16, '2010-05-03', 0.39, 53, 0.61)
(53, 16, '2010-05-03', 0.39, 53, 0.61)
(53, 16, '2010-05-03', 0.39, 53, 0.62)
(53, 16, '2010-05-03', 0.39, 53, 0.63)
(53, 16, '2010-05-03', 0.39, 53, 0.65)
(53, 16, '2010-05-03', 0.39, 53, 0.66)
(53, 16, '2010-05-03', 0.39, 53, 0.67)
(53, 16, '2010-05-03', 0.39, 53, 0.71)
(53, 16, '2010-05-03', 0.39, 53, 0.73)
(53, 16, '2010-05-03', 0.39, 53, 0.74)
(53, 16, '2010-05-03', 0.39, 53, 0.75)
(53, 16, '2010-05-03', 0.39, 53, 0.76)
(53, 16, '2010-05-03', 0.39, 53, 0.77)
(53, 16, '2010-05-03', 0.39, 53, 0.8)
(53, 16, '2010-05-03', 0.39, 53, 0.82)
(53, 16, '2010-05-03', 0.39, 53, 0.82)
(53, 16, '2010-05-03', 0.39, 53, 0.85)
(53, 16, '2010-05-03', 0.39, 53, 0.88)
(53, 16, '2010-05-03', 0.39, 53, 0.88)
(53, 16, '2010-05-03', 0.39, 53, 0.91)
(53, 16, '2010-05-03', 0.39, 53, 0.94)
(53, 16, '2010-05-03', 0.39, 53, 0.98)
(53, 17, '2021-10-16', 0.27, 53, 0.01)
(53, 17, '2021-10-16', 0.27, 53, 0.02)
(53, 17, '2021-10-16', 0.27, 53, 0.1)
(53, 17, '2021-10-16', 0.27, 53, 0.14)
(53, 17, '2021-10-16', 0.27, 53, 0.19)
(53, 17, '2021-10-16', 0.27, 53, 0.2)
(53, 17, '2021-10-16', 0.27, 53, 0.2)
(53, 17, '2021-10-16', 0.27, 53, 0.22)
(53, 17, '2021-10-16', 0.27, 53, 0.25)
(53, 17, '2021-10-16', 0.27, 53, 0.33)
(53, 17, '2021-10-16', 0.27, 53, 0.4)
(53, 17, '2021-10-16', 0.27, 53, 0.43)
(53, 17, '2021-10-16', 0.27, 53, 0.46)
(53, 17, '2021-10-16', 0.27, 53, 0.47)
(53, 17, '2021-10-16', 0.27, 53, 0.57)
(53, 17, '2021-10-16', 0.27, 53, 0.59)
(53, 17, '2021-10-16', 0.27, 53, 0.61)
(53, 17, '2021-10-16', 0.27, 53, 0.61)
(53, 17, '2021-10-16', 0.27, 53, 0.62)
(53, 17, '2021-10-16', 0.27, 53, 0.63)
(53, 17, '2021-10-16', 0.27, 53, 0.65)
(53, 17, '2021-10-16', 0.27, 53, 0.66)
(53, 17, '2021-10-16', 0.27, 53, 0.67)
(53, 17, '2021-10-16', 0.27, 53, 0.71)
(53, 17, '2021-10-16', 0.27, 53, 0.73)
(53, 17, '2021-10-16', 0.27, 53, 0.74)
(53, 17, '2021-10-16', 0.27, 53, 0.75)
(53, 17, '2021-10-16', 0.27, 53, 0.76)
(53, 17, '2021-10-16', 0.27, 53, 0.77)
(53, 17, '2021-10-16', 0.27, 53, 0.8)
(53, 17, '2021-10-16', 0.27, 53, 0.82)
(53, 17, '2021-10-16', 0.27, 53, 0.82)
(53, 17, '2021-10-16', 0.27, 53, 0.85)
(53, 17, '2021-10-16', 0.27, 53, 0.88)
(53, 17, '2021-10-16', 0.27, 53, 0.88)
(53, 17, '2021-10-16', 0.27, 53, 0.91)
(53, 17, '2021-10-16', 0.27, 53, 0.94)
(53, 17, '2021-10-16', 0.27, 53, 0.98)
(53, 18, '2021-06-12', 0.8, 53, 0.01)
(53, 18, '2021-06-12', 0.8, 53, 0.02)
(53, 18, '2021-06-12', 0.8, 53, 0.1)
(53, 18, '2021-06-12', 0.8, 53, 0.14)
(53, 18, '2021-06-12', 0.8, 53, 0.19)
(53, 18, '2021-06-12', 0.8, 53, 0.2)
(53, 18, '2021-06-12', 0.8, 53, 0.2)
(53, 18, '2021-06-12', 0.8, 53, 0.22)
(53, 18, '2021-06-12', 0.8, 53, 0.25)
(53, 18, '2021-06-12', 0.8, 53, 0.33)
(53, 18, '2021-06-12', 0.8, 53, 0.4)
(53, 18, '2021-06-12', 0.8, 53, 0.43)
(53, 18, '2021-06-12', 0.8, 53, 0.46)
(53, 18, '2021-06-12', 0.8, 53, 0.47)
(53, 18, '2021-06-12', 0.8, 53, 0.57)
(53, 18, '2021-06-12', 0.8, 53, 0.59)
(53, 18, '2021-06-12', 0.8, 53, 0.61)
(53, 18, '2021-06-12', 0.8, 53, 0.61)
(53, 18, '2021-06-12', 0.8, 53, 0.62)
(53, 18, '2021-06-12', 0.8, 53, 0.63)
(53, 18, '2021-06-12', 0.8, 53, 0.65)
(53, 18, '2021-06-12', 0.8, 53, 0.66)
(53, 18, '2021-06-12', 0.8, 53, 0.67)
(53, 18, '2021-06-12', 0.8, 53, 0.71)
(53, 18, '2021-06-12', 0.8, 53, 0.73)
(53, 18, '2021-06-12', 0.8, 53, 0.74)
(53, 18, '2021-06-12', 0.8, 53, 0.75)
(53, 18, '2021-06-12', 0.8, 53, 0.76)
(53, 18, '2021-06-12', 0.8, 53, 0.77)
(53, 18, '2021-06-12', 0.8, 53, 0.8)
(53, 18, '2021-06-12', 0.8, 53, 0.82)
(53, 18, '2021-06-12', 0.8, 53, 0.82)
(53, 18, '2021-06-12', 0.8, 53, 0.85)
(53, 18, '2021-06-12', 0.8, 53, 0.88)
(53, 18, '2021-06-12', 0.8, 53, 0.88)
(53, 18, '2021-06-12', 0.8, 53, 0.91)
(53, 18, '2021-06-12', 0.8, 53, 0.94)
(53, 18, '2021-06-12', 0.8, 53, 0.98)
(53, 21, '2012-04-14', 0.93, 53, 0.01)
(53, 21, '2012-04-14', 0.93, 53, 0.02)
(53, 21, '2012-04-14', 0.93, 53, 0.1)
(53, 21, '2012-04-14', 0.93, 53, 0.14)
(53, 21, '2012-04-14', 0.93, 53, 0.19)
(53, 21, '2012-04-14', 0.93, 53, 0.2)
(53, 21, '2012-04-14', 0.93, 53, 0.2)
(53, 21, '2012-04-14', 0.93, 53, 0.22)
(53, 21, '2012-04-14', 0.93, 53, 0.25)
(53, 21, '2012-04-14', 0.93, 53, 0.33)
(53, 21, '2012-04-14', 0.93, 53, 0.4)
(53, 21, '2012-04-14', 0.93, 53, 0.43)
(53, 21, '2012-04-14', 0.93, 53, 0.46)
(53, 21, '2012-04-14', 0.93, 53, 0.47)
(53, 21, '2012-04-14', 0.93, 53, 0.57)
(53, 21, '2012-04-14', 0.93, 53, 0.59)
(53, 21, '2012-04-14', 0.93, 53, 0.61)
(53, 21, '2012-04-14', 0.93, 53, 0.61)
(53, 21, '2012-04-14', 0.93, 53, 0.62)
(53, 21, '2012-04-14', 0.93, 53, 0.63)
(53, 21, '2012-04-14', 0.93, 53, 0.65)
(53, 21, '2012-04-14', 0.93, 53, 0.66)
(53, 21, '2012-04-14', 0.93, 53, 0.67)
(53, 21, '2012-04-14', 0.93, 53, 0.71)
(53, 21, '2012-04-14', 0.93, 53, 0.73)
(53, 21, '2012-04-14', 0.93, 53, 0.74)
(53, 21, '2012-04-14', 0.93, 53, 0.75)
(53, 21, '2012-04-14', 0.93, 53, 0.76)
(53, 21, '2012-04-14', 0.93, 53, 0.77)
(53, 21, '2012-04-14', 0.93, 53, 0.8)
(53, 21, '2012-04-14', 0.93, 53, 0.82)
(53, 21, '2012-04-14', 0.93, 53, 0.82)
(53, 21, '2012-04-14', 0.93, 53, 0.85)
(53, 21, '2012-04-14', 0.93, 53, 0.88)
(53, 21, '2012-04-14', 0.93, 53, 0.88)
(53, 21, '2012-04-14', 0.93, 53, 0.91)
(53, 21, '2012-04-14', 0.93, 53, 0.94)
(53, 21, '2012-04-14', 0.93, 53, 0.98)
(53, 22, '2007-10-17', 0.7, 53, 0.01)
(53, 22, '2007-10-17', 0.7, 53, 0.02)
(53, 22, '2007-10-17', 0.7, 53, 0.1)
(53, 22, '2007-10-17', 0.7, 53, 0.14)
(53, 22, '2007-10-17', 0.7, 53, 0.19)
(53, 22, '2007-10-17', 0.7, 53, 0.2)
(53, 22, '2007-10-17', 0.7, 53, 0.2)
(53, 22, '2007-10-17', 0.7, 53, 0.22)
(53, 22, '2007-10-17', 0.7, 53, 0.25)
(53, 22, '2007-10-17', 0.7, 53, 0.33)
(53, 22, '2007-10-17', 0.7, 53, 0.4)
(53, 22, '2007-10-17', 0.7, 53, 0.43)
(53, 22, '2007-10-17', 0.7, 53, 0.46)
(53, 22, '2007-10-17', 0.7, 53, 0.47)
(53, 22, '2007-10-17', 0.7, 53, 0.57)
(53, 22, '2007-10-17', 0.7, 53, 0.59)
(53, 22, '2007-10-17', 0.7, 53, 0.61)
(53, 22, '2007-10-17', 0.7, 53, 0.61)
(53, 22, '2007-10-17', 0.7, 53, 0.62)
(53, 22, '2007-10-17', 0.7, 53, 0.63)
(53, 22, '2007-10-17', 0.7, 53, 0.65)
(53, 22, '2007-10-17', 0.7, 53, 0.66)
(53, 22, '2007-10-17', 0.7, 53, 0.67)
(53, 22, '2007-10-17', 0.7, 53, 0.71)
(53, 22, '2007-10-17', 0.7, 53, 0.73)
(53, 22, '2007-10-17', 0.7, 53, 0.74)
(53, 22, '2007-10-17', 0.7, 53, 0.75)
(53, 22, '2007-10-17', 0.7, 53, 0.76)
(53, 22, '2007-10-17', 0.7, 53, 0.77)
(53, 22, '2007-10-17', 0.7, 53, 0.8)
(53, 22, '2007-10-17', 0.7, 53, 0.82)
(53, 22, '2007-10-17', 0.7, 53, 0.82)
(53, 22, '2007-10-17', 0.7, 53, 0.85)
(53, 22, '2007-10-17', 0.7, 53, 0.88)
(53, 22, '2007-10-17', 0.7, 53, 0.88)
(53, 22, '2007-10-17', 0.7, 53, 0.91)
(53, 22, '2007-10-17', 0.7, 53, 0.94)
(53, 22, '2007-10-17', 0.7, 53, 0.98)
(53, 32, '2009-02-13', 0.89, 53, 0.01)
(53, 32, '2009-02-13', 0.89, 53, 0.02)
(53, 32, '2009-02-13', 0.89, 53, 0.1)
(53, 32, '2009-02-13', 0.89, 53, 0.14)
(53, 32, '2009-02-13', 0.89, 53, 0.19)
(53, 32, '2009-02-13', 0.89, 53, 0.2)
(53, 32, '2009-02-13', 0.89, 53, 0.2)
(53, 32, '2009-02-13', 0.89, 53, 0.22)
(53, 32, '2009-02-13', 0.89, 53, 0.25)
(53, 32, '2009-02-13', 0.89, 53, 0.33)
(53, 32, '2009-02-13', 0.89, 53, 0.4)
(53, 32, '2009-02-13', 0.89, 53, 0.43)
(53, 32, '2009-02-13', 0.89, 53, 0.46)
(53, 32, '2009-02-13', 0.89, 53, 0.47)
(53, 32, '2009-02-13', 0.89, 53, 0.57)
(53, 32, '2009-02-13', 0.89, 53, 0.59)
(53, 32, '2009-02-13', 0.89, 53, 0.61)
(53, 32, '2009-02-13', 0.89, 53, 0.61)
(53, 32, '2009-02-13', 0.89, 53, 0.62)
(53, 32, '2009-02-13', 0.89, 53, 0.63)
(53, 32, '2009-02-13', 0.89, 53, 0.65)
(53, 32, '2009-02-13', 0.89, 53, 0.66)
(53, 32, '2009-02-13', 0.89, 53, 0.67)
(53, 32, '2009-02-13', 0.89, 53, 0.71)
(53, 32, '2009-02-13', 0.89, 53, 0.73)
(53, 32, '2009-02-13', 0.89, 53, 0.74)
(53, 32, '2009-02-13', 0.89, 53, 0.75)
(53, 32, '2009-02-13', 0.89, 53, 0.76)
(53, 32, '2009-02-13', 0.89, 53, 0.77)
(53, 32, '2009-02-13', 0.89, 53, 0.8)
(53, 32, '2009-02-13', 0.89, 53, 0.82)
(53, 32, '2009-02-13', 0.89, 53, 0.82)
(53, 32, '2009-02-13', 0.89, 53, 0.85)
(53, 32, '2009-02-13', 0.89, 53, 0.88)
(53, 32, '2009-02-13', 0.89, 53, 0.88)
(53, 32, '2009-02-13', 0.89, 53, 0.91)
(53, 32, '2009-02-13', 0.89, 53, 0.94)
(53, 32, '2009-02-13', 0.89, 53, 0.98)
(53, 49, '2022-03-13', 0.5, 53, 0.01)
(53, 49, '2022-03-13', 0.5, 53, 0.02)
(53, 49, '2022-03-13', 0.5, 53, 0.1)
(53, 49, '2022-03-13', 0.5, 53, 0.14)
(53, 49, '2022-03-13', 0.5, 53, 0.19)
(53, 49, '2022-03-13', 0.5, 53, 0.2)
(53, 49, '2022-03-13', 0.5, 53, 0.2)
(53, 49, '2022-03-13', 0.5, 53, 0.22)
(53, 49, '2022-03-13', 0.5, 53, 0.25)
(53, 49, '2022-03-13', 0.5, 53, 0.33)
(53, 49, '2022-03-13', 0.5, 53, 0.4)
(53, 49, '2022-03-13', 0.5, 53, 0.43)
(53, 49, '2022-03-13', 0.5, 53, 0.46)
(53, 49, '2022-03-13', 0.5, 53, 0.47)
(53, 49, '2022-03-13', 0.5, 53, 0.57)
(53, 49, '2022-03-13', 0.5, 53, 0.59)
(53, 49, '2022-03-13', 0.5, 53, 0.61)
(53, 49, '2022-03-13', 0.5, 53, 0.61)
(53, 49, '2022-03-13', 0.5, 53, 0.62)
(53, 49, '2022-03-13', 0.5, 53, 0.63)
(53, 49, '2022-03-13', 0.5, 53, 0.65)
(53, 49, '2022-03-13', 0.5, 53, 0.66)
(53, 49, '2022-03-13', 0.5, 53, 0.67)
(53, 49, '2022-03-13', 0.5, 53, 0.71)
(53, 49, '2022-03-13', 0.5, 53, 0.73)
(53, 49, '2022-03-13', 0.5, 53, 0.74)
(53, 49, '2022-03-13', 0.5, 53, 0.75)
(53, 49, '2022-03-13', 0.5, 53, 0.76)
(53, 49, '2022-03-13', 0.5, 53, 0.77)
(53, 49, '2022-03-13', 0.5, 53, 0.8)
(53, 49, '2022-03-13', 0.5, 53, 0.82)
(53, 49, '2022-03-13', 0.5, 53, 0.82)
(53, 49, '2022-03-13', 0.5, 53, 0.85)
(53, 49, '2022-03-13', 0.5, 53, 0.88)
(53, 49, '2022-03-13', 0.5, 53, 0.88)
(53, 49, '2022-03-13', 0.5, 53, 0.91)
(53, 49, '2022-03-13', 0.5, 53, 0.94)
(53, 49, '2022-03-13', 0.5, 53, 0.98)
(53, 51, '2023-12-20', 0.67, 53, 0.01)
(53, 51, '2023-12-20', 0.67, 53, 0.02)
(53, 51, '2023-12-20', 0.67, 53, 0.1)
(53, 51, '2023-12-20', 0.67, 53, 0.14)
(53, 51, '2023-12-20', 0.67, 53, 0.19)
(53, 51, '2023-12-20', 0.67, 53, 0.2)
(53, 51, '2023-12-20', 0.67, 53, 0.2)
(53, 51, '2023-12-20', 0.67, 53, 0.22)
(53, 51, '2023-12-20', 0.67, 53, 0.25)
(53, 51, '2023-12-20', 0.67, 53, 0.33)
(53, 51, '2023-12-20', 0.67, 53, 0.4)
(53, 51, '2023-12-20', 0.67, 53, 0.43)
(53, 51, '2023-12-20', 0.67, 53, 0.46)
(53, 51, '2023-12-20', 0.67, 53, 0.47)
(53, 51, '2023-12-20', 0.67, 53, 0.57)
(53, 51, '2023-12-20', 0.67, 53, 0.59)
(53, 51, '2023-12-20', 0.67, 53, 0.61)
(53, 51, '2023-12-20', 0.67, 53, 0.61)
(53, 51, '2023-12-20', 0.67, 53, 0.62)
(53, 51, '2023-12-20', 0.67, 53, 0.63)
(53, 51, '2023-12-20', 0.67, 53, 0.65)
(53, 51, '2023-12-20', 0.67, 53, 0.66)
(53, 51, '2023-12-20', 0.67, 53, 0.67)
(53, 51, '2023-12-20', 0.67, 53, 0.71)
(53, 51, '2023-12-20', 0.67, 53, 0.73)
(53, 51, '2023-12-20', 0.67, 53, 0.74)
(53, 51, '2023-12-20', 0.67, 53, 0.75)
(53, 51, '2023-12-20', 0.67, 53, 0.76)
(53, 51, '2023-12-20', 0.67, 53, 0.77)
(53, 51, '2023-12-20', 0.67, 53, 0.8)
(53, 51, '2023-12-20', 0.67, 53, 0.82)
(53, 51, '2023-12-20', 0.67, 53, 0.82)
(53, 51, '2023-12-20', 0.67, 53, 0.85)
(53, 51, '2023-12-20', 0.67, 53, 0.88)
(53, 51, '2023-12-20', 0.67, 53, 0.88)
(53, 51, '2023-12-20', 0.67, 53, 0.91)
(53, 51, '2023-12-20', 0.67, 53, 0.94)
(53, 51, '2023-12-20', 0.67, 53, 0.98)
(53, 53, '2013-06-14', 0.24, 53, 0.01)
(53, 53, '2013-06-14', 0.24, 53, 0.02)
(53, 53, '2013-06-14', 0.24, 53, 0.1)
(53, 53, '2013-06-14', 0.24, 53, 0.14)
(53, 53, '2013-06-14', 0.24, 53, 0.19)
(53, 53, '2013-06-14', 0.24, 53, 0.2)
(53, 53, '2013-06-14', 0.24, 53, 0.2)
(53, 53, '2013-06-14', 0.24, 53, 0.22)
(53, 53, '2013-06-14', 0.24, 53, 0.25)
(53, 53, '2013-06-14', 0.24, 53, 0.33)
(53, 53, '2013-06-14', 0.24, 53, 0.4)
(53, 53, '2013-06-14', 0.24, 53, 0.43)
(53, 53, '2013-06-14', 0.24, 53, 0.46)
(53, 53, '2013-06-14', 0.24, 53, 0.47)
(53, 53, '2013-06-14', 0.24, 53, 0.57)
(53, 53, '2013-06-14', 0.24, 53, 0.59)
(53, 53, '2013-06-14', 0.24, 53, 0.61)
(53, 53, '2013-06-14', 0.24, 53, 0.61)
(53, 53, '2013-06-14', 0.24, 53, 0.62)
(53, 53, '2013-06-14', 0.24, 53, 0.63)
(53, 53, '2013-06-14', 0.24, 53, 0.65)
(53, 53, '2013-06-14', 0.24, 53, 0.66)
(53, 53, '2013-06-14', 0.24, 53, 0.67)
(53, 53, '2013-06-14', 0.24, 53, 0.71)
(53, 53, '2013-06-14', 0.24, 53, 0.73)
(53, 53, '2013-06-14', 0.24, 53, 0.74)
(53, 53, '2013-06-14', 0.24, 53, 0.75)
(53, 53, '2013-06-14', 0.24, 53, 0.76)
(53, 53, '2013-06-14', 0.24, 53, 0.77)
(53, 53, '2013-06-14', 0.24, 53, 0.8)
(53, 53, '2013-06-14', 0.24, 53, 0.82)
(53, 53, '2013-06-14', 0.24, 53, 0.82)
(53, 53, '2013-06-14', 0.24, 53, 0.85)
(53, 53, '2013-06-14', 0.24, 53, 0.88)
(53, 53, '2013-06-14', 0.24, 53, 0.88)
(53, 53, '2013-06-14', 0.24, 53, 0.91)
(53, 53, '2013-06-14', 0.24, 53, 0.94)
(53, 53, '2013-06-14', 0.24, 53, 0.98)
(53, 54, '2010-09-04', 0.27, 53, 0.01)
(53, 54, '2010-09-04', 0.27, 53, 0.02)
(53, 54, '2010-09-04', 0.27, 53, 0.1)
(53, 54, '2010-09-04', 0.27, 53, 0.14)
(53, 54, '2010-09-04', 0.27, 53, 0.19)
(53, 54, '2010-09-04', 0.27, 53, 0.2)
(53, 54, '2010-09-04', 0.27, 53, 0.2)
(53, 54, '2010-09-04', 0.27, 53, 0.22)
(53, 54, '2010-09-04', 0.27, 53, 0.25)
(53, 54, '2010-09-04', 0.27, 53, 0.33)
(53, 54, '2010-09-04', 0.27, 53, 0.4)
(53, 54, '2010-09-04', 0.27, 53, 0.43)
(53, 54, '2010-09-04', 0.27, 53, 0.46)
(53, 54, '2010-09-04', 0.27, 53, 0.47)
(53, 54, '2010-09-04', 0.27, 53, 0.57)
(53, 54, '2010-09-04', 0.27, 53, 0.59)
(53, 54, '2010-09-04', 0.27, 53, 0.61)
(53, 54, '2010-09-04', 0.27, 53, 0.61)
(53, 54, '2010-09-04', 0.27, 53, 0.62)
(53, 54, '2010-09-04', 0.27, 53, 0.63)
(53, 54, '2010-09-04', 0.27, 53, 0.65)
(53, 54, '2010-09-04', 0.27, 53, 0.66)
(53, 54, '2010-09-04', 0.27, 53, 0.67)
(53, 54, '2010-09-04', 0.27, 53, 0.71)
(53, 54, '2010-09-04', 0.27, 53, 0.73)
(53, 54, '2010-09-04', 0.27, 53, 0.74)
(53, 54, '2010-09-04', 0.27, 53, 0.75)
(53, 54, '2010-09-04', 0.27, 53, 0.76)
(53, 54, '2010-09-04', 0.27, 53, 0.77)
(53, 54, '2010-09-04', 0.27, 53, 0.8)
(53, 54, '2010-09-04', 0.27, 53, 0.82)
(53, 54, '2010-09-04', 0.27, 53, 0.82)
(53, 54, '2010-09-04', 0.27, 53, 0.85)
(53, 54, '2010-09-04', 0.27, 53, 0.88)
(53, 54, '2010-09-04', 0.27, 53, 0.88)
(53, 54, '2010-09-04', 0.27, 53, 0.91)
(53, 54, '2010-09-04', 0.27, 53, 0.94)
(53, 54, '2010-09-04', 0.27, 53, 0.98)
(53, 61, '2014-07-25', 0.58, 53, 0.01)
(53, 61, '2014-07-25', 0.58, 53, 0.02)
(53, 61, '2014-07-25', 0.58, 53, 0.1)
(53, 61, '2014-07-25', 0.58, 53, 0.14)
(53, 61, '2014-07-25', 0.58, 53, 0.19)
(53, 61, '2014-07-25', 0.58, 53, 0.2)
(53, 61, '2014-07-25', 0.58, 53, 0.2)
(53, 61, '2014-07-25', 0.58, 53, 0.22)
(53, 61, '2014-07-25', 0.58, 53, 0.25)
(53, 61, '2014-07-25', 0.58, 53, 0.33)
(53, 61, '2014-07-25', 0.58, 53, 0.4)
(53, 61, '2014-07-25', 0.58, 53, 0.43)
(53, 61, '2014-07-25', 0.58, 53, 0.46)
(53, 61, '2014-07-25', 0.58, 53, 0.47)
(53, 61, '2014-07-25', 0.58, 53, 0.57)
(53, 61, '2014-07-25', 0.58, 53, 0.59)
(53, 61, '2014-07-25', 0.58, 53, 0.61)
(53, 61, '2014-07-25', 0.58, 53, 0.61)
(53, 61, '2014-07-25', 0.58, 53, 0.62)
(53, 61, '2014-07-25', 0.58, 53, 0.63)
(53, 61, '2014-07-25', 0.58, 53, 0.65)
(53, 61, '2014-07-25', 0.58, 53, 0.66)
(53, 61, '2014-07-25', 0.58, 53, 0.67)
(53, 61, '2014-07-25', 0.58, 53, 0.71)
(53, 61, '2014-07-25', 0.58, 53, 0.73)
(53, 61, '2014-07-25', 0.58, 53, 0.74)
(53, 61, '2014-07-25', 0.58, 53, 0.75)
(53, 61, '2014-07-25', 0.58, 53, 0.76)
(53, 61, '2014-07-25', 0.58, 53, 0.77)
(53, 61, '2014-07-25', 0.58, 53, 0.8)
(53, 61, '2014-07-25', 0.58, 53, 0.82)
(53, 61, '2014-07-25', 0.58, 53, 0.82)
(53, 61, '2014-07-25', 0.58, 53, 0.85)
(53, 61, '2014-07-25', 0.58, 53, 0.88)
(53, 61, '2014-07-25', 0.58, 53, 0.88)
(53, 61, '2014-07-25', 0.58, 53, 0.91)
(53, 61, '2014-07-25', 0.58, 53, 0.94)
(53, 61, '2014-07-25', 0.58, 53, 0.98)
(53, 65, '2014-02-09', 0.31, 53, 0.01)
(53, 65, '2014-02-09', 0.31, 53, 0.02)
(53, 65, '2014-02-09', 0.31, 53, 0.1)
(53, 65, '2014-02-09', 0.31, 53, 0.14)
(53, 65, '2014-02-09', 0.31, 53, 0.19)
(53, 65, '2014-02-09', 0.31, 53, 0.2)
(53, 65, '2014-02-09', 0.31, 53, 0.2)
(53, 65, '2014-02-09', 0.31, 53, 0.22)
(53, 65, '2014-02-09', 0.31, 53, 0.25)
(53, 65, '2014-02-09', 0.31, 53, 0.33)
(53, 65, '2014-02-09', 0.31, 53, 0.4)
(53, 65, '2014-02-09', 0.31, 53, 0.43)
(53, 65, '2014-02-09', 0.31, 53, 0.46)
(53, 65, '2014-02-09', 0.31, 53, 0.47)
(53, 65, '2014-02-09', 0.31, 53, 0.57)
(53, 65, '2014-02-09', 0.31, 53, 0.59)
(53, 65, '2014-02-09', 0.31, 53, 0.61)
(53, 65, '2014-02-09', 0.31, 53, 0.61)
(53, 65, '2014-02-09', 0.31, 53, 0.62)
(53, 65, '2014-02-09', 0.31, 53, 0.63)
(53, 65, '2014-02-09', 0.31, 53, 0.65)
(53, 65, '2014-02-09', 0.31, 53, 0.66)
(53, 65, '2014-02-09', 0.31, 53, 0.67)
(53, 65, '2014-02-09', 0.31, 53, 0.71)
(53, 65, '2014-02-09', 0.31, 53, 0.73)
(53, 65, '2014-02-09', 0.31, 53, 0.74)
(53, 65, '2014-02-09', 0.31, 53, 0.75)
(53, 65, '2014-02-09', 0.31, 53, 0.76)
(53, 65, '2014-02-09', 0.31, 53, 0.77)
(53, 65, '2014-02-09', 0.31, 53, 0.8)
(53, 65, '2014-02-09', 0.31, 53, 0.82)
(53, 65, '2014-02-09', 0.31, 53, 0.82)
(53, 65, '2014-02-09', 0.31, 53, 0.85)
(53, 65, '2014-02-09', 0.31, 53, 0.88)
(53, 65, '2014-02-09', 0.31, 53, 0.88)
(53, 65, '2014-02-09', 0.31, 53, 0.91)
(53, 65, '2014-02-09', 0.31, 53, 0.94)
(53, 65, '2014-02-09', 0.31, 53, 0.98)
(53, 71, '2012-02-07', 0.52, 53, 0.01)
(53, 71, '2012-02-07', 0.52, 53, 0.02)
(53, 71, '2012-02-07', 0.52, 53, 0.1)
(53, 71, '2012-02-07', 0.52, 53, 0.14)
(53, 71, '2012-02-07', 0.52, 53, 0.19)
(53, 71, '2012-02-07', 0.52, 53, 0.2)
(53, 71, '2012-02-07', 0.52, 53, 0.2)
(53, 71, '2012-02-07', 0.52, 53, 0.22)
(53, 71, '2012-02-07', 0.52, 53, 0.25)
(53, 71, '2012-02-07', 0.52, 53, 0.33)
(53, 71, '2012-02-07', 0.52, 53, 0.4)
(53, 71, '2012-02-07', 0.52, 53, 0.43)
(53, 71, '2012-02-07', 0.52, 53, 0.46)
(53, 71, '2012-02-07', 0.52, 53, 0.47)
(53, 71, '2012-02-07', 0.52, 53, 0.57)
(53, 71, '2012-02-07', 0.52, 53, 0.59)
(53, 71, '2012-02-07', 0.52, 53, 0.61)
(53, 71, '2012-02-07', 0.52, 53, 0.61)
(53, 71, '2012-02-07', 0.52, 53, 0.62)
(53, 71, '2012-02-07', 0.52, 53, 0.63)
(53, 71, '2012-02-07', 0.52, 53, 0.65)
(53, 71, '2012-02-07', 0.52, 53, 0.66)
(53, 71, '2012-02-07', 0.52, 53, 0.67)
(53, 71, '2012-02-07', 0.52, 53, 0.71)
(53, 71, '2012-02-07', 0.52, 53, 0.73)
(53, 71, '2012-02-07', 0.52, 53, 0.74)
(53, 71, '2012-02-07', 0.52, 53, 0.75)
(53, 71, '2012-02-07', 0.52, 53, 0.76)
(53, 71, '2012-02-07', 0.52, 53, 0.77)
(53, 71, '2012-02-07', 0.52, 53, 0.8)
(53, 71, '2012-02-07', 0.52, 53, 0.82)
(53, 71, '2012-02-07', 0.52, 53, 0.82)
(53, 71, '2012-02-07', 0.52, 53, 0.85)
(53, 71, '2012-02-07', 0.52, 53, 0.88)
(53, 71, '2012-02-07', 0.52, 53, 0.88)
(53, 71, '2012-02-07', 0.52, 53, 0.91)
(53, 71, '2012-02-07', 0.52, 53, 0.94)
(53, 71, '2012-02-07', 0.52, 53, 0.98)
(53, 72, '2011-01-27', 0.53, 53, 0.01)
(53, 72, '2011-01-27', 0.53, 53, 0.02)
(53, 72, '2011-01-27', 0.53, 53, 0.1)
(53, 72, '2011-01-27', 0.53, 53, 0.14)
(53, 72, '2011-01-27', 0.53, 53, 0.19)
(53, 72, '2011-01-27', 0.53, 53, 0.2)
(53, 72, '2011-01-27', 0.53, 53, 0.2)
(53, 72, '2011-01-27', 0.53, 53, 0.22)
(53, 72, '2011-01-27', 0.53, 53, 0.25)
(53, 72, '2011-01-27', 0.53, 53, 0.33)
(53, 72, '2011-01-27', 0.53, 53, 0.4)
(53, 72, '2011-01-27', 0.53, 53, 0.43)
(53, 72, '2011-01-27', 0.53, 53, 0.46)
(53, 72, '2011-01-27', 0.53, 53, 0.47)
(53, 72, '2011-01-27', 0.53, 53, 0.57)
(53, 72, '2011-01-27', 0.53, 53, 0.59)
(53, 72, '2011-01-27', 0.53, 53, 0.61)
(53, 72, '2011-01-27', 0.53, 53, 0.61)
(53, 72, '2011-01-27', 0.53, 53, 0.62)
(53, 72, '2011-01-27', 0.53, 53, 0.63)
(53, 72, '2011-01-27', 0.53, 53, 0.65)
(53, 72, '2011-01-27', 0.53, 53, 0.66)
(53, 72, '2011-01-27', 0.53, 53, 0.67)
(53, 72, '2011-01-27', 0.53, 53, 0.71)
(53, 72, '2011-01-27', 0.53, 53, 0.73)
(53, 72, '2011-01-27', 0.53, 53, 0.74)
(53, 72, '2011-01-27', 0.53, 53, 0.75)
(53, 72, '2011-01-27', 0.53, 53, 0.76)
(53, 72, '2011-01-27', 0.53, 53, 0.77)
(53, 72, '2011-01-27', 0.53, 53, 0.8)
(53, 72, '2011-01-27', 0.53, 53, 0.82)
(53, 72, '2011-01-27', 0.53, 53, 0.82)
(53, 72, '2011-01-27', 0.53, 53, 0.85)
(53, 72, '2011-01-27', 0.53, 53, 0.88)
(53, 72, '2011-01-27', 0.53, 53, 0.88)
(53, 72, '2011-01-27', 0.53, 53, 0.91)
(53, 72, '2011-01-27', 0.53, 53, 0.94)
(53, 72, '2011-01-27', 0.53, 53, 0.98)
(53, 72, '2023-11-16', 0.95, 53, 0.01)
(53, 72, '2023-11-16', 0.95, 53, 0.02)
(53, 72, '2023-11-16', 0.95, 53, 0.1)
(53, 72, '2023-11-16', 0.95, 53, 0.14)
(53, 72, '2023-11-16', 0.95, 53, 0.19)
(53, 72, '2023-11-16', 0.95, 53, 0.2)
(53, 72, '2023-11-16', 0.95, 53, 0.2)
(53, 72, '2023-11-16', 0.95, 53, 0.22)
(53, 72, '2023-11-16', 0.95, 53, 0.25)
(53, 72, '2023-11-16', 0.95, 53, 0.33)
(53, 72, '2023-11-16', 0.95, 53, 0.4)
(53, 72, '2023-11-16', 0.95, 53, 0.43)
(53, 72, '2023-11-16', 0.95, 53, 0.46)
(53, 72, '2023-11-16', 0.95, 53, 0.47)
(53, 72, '2023-11-16', 0.95, 53, 0.57)
(53, 72, '2023-11-16', 0.95, 53, 0.59)
(53, 72, '2023-11-16', 0.95, 53, 0.61)
(53, 72, '2023-11-16', 0.95, 53, 0.61)
(53, 72, '2023-11-16', 0.95, 53, 0.62)
(53, 72, '2023-11-16', 0.95, 53, 0.63)
(53, 72, '2023-11-16', 0.95, 53, 0.65)
(53, 72, '2023-11-16', 0.95, 53, 0.66)
(53, 72, '2023-11-16', 0.95, 53, 0.67)
(53, 72, '2023-11-16', 0.95, 53, 0.71)
(53, 72, '2023-11-16', 0.95, 53, 0.73)
(53, 72, '2023-11-16', 0.95, 53, 0.74)
(53, 72, '2023-11-16', 0.95, 53, 0.75)
(53, 72, '2023-11-16', 0.95, 53, 0.76)
(53, 72, '2023-11-16', 0.95, 53, 0.77)
(53, 72, '2023-11-16', 0.95, 53, 0.8)
(53, 72, '2023-11-16', 0.95, 53, 0.82)
(53, 72, '2023-11-16', 0.95, 53, 0.82)
(53, 72, '2023-11-16', 0.95, 53, 0.85)
(53, 72, '2023-11-16', 0.95, 53, 0.88)
(53, 72, '2023-11-16', 0.95, 53, 0.88)
(53, 72, '2023-11-16', 0.95, 53, 0.91)
(53, 72, '2023-11-16', 0.95, 53, 0.94)
(53, 72, '2023-11-16', 0.95, 53, 0.98)
(53, 73, '2021-10-04', 0.76, 53, 0.01)
(53, 73, '2021-10-04', 0.76, 53, 0.02)
(53, 73, '2021-10-04', 0.76, 53, 0.1)
(53, 73, '2021-10-04', 0.76, 53, 0.14)
(53, 73, '2021-10-04', 0.76, 53, 0.19)
(53, 73, '2021-10-04', 0.76, 53, 0.2)
(53, 73, '2021-10-04', 0.76, 53, 0.2)
(53, 73, '2021-10-04', 0.76, 53, 0.22)
(53, 73, '2021-10-04', 0.76, 53, 0.25)
(53, 73, '2021-10-04', 0.76, 53, 0.33)
(53, 73, '2021-10-04', 0.76, 53, 0.4)
(53, 73, '2021-10-04', 0.76, 53, 0.43)
(53, 73, '2021-10-04', 0.76, 53, 0.46)
(53, 73, '2021-10-04', 0.76, 53, 0.47)
(53, 73, '2021-10-04', 0.76, 53, 0.57)
(53, 73, '2021-10-04', 0.76, 53, 0.59)
(53, 73, '2021-10-04', 0.76, 53, 0.61)
(53, 73, '2021-10-04', 0.76, 53, 0.61)
(53, 73, '2021-10-04', 0.76, 53, 0.62)
(53, 73, '2021-10-04', 0.76, 53, 0.63)
(53, 73, '2021-10-04', 0.76, 53, 0.65)
(53, 73, '2021-10-04', 0.76, 53, 0.66)
(53, 73, '2021-10-04', 0.76, 53, 0.67)
(53, 73, '2021-10-04', 0.76, 53, 0.71)
(53, 73, '2021-10-04', 0.76, 53, 0.73)
(53, 73, '2021-10-04', 0.76, 53, 0.74)
(53, 73, '2021-10-04', 0.76, 53, 0.75)
(53, 73, '2021-10-04', 0.76, 53, 0.76)
(53, 73, '2021-10-04', 0.76, 53, 0.77)
(53, 73, '2021-10-04', 0.76, 53, 0.8)
(53, 73, '2021-10-04', 0.76, 53, 0.82)
(53, 73, '2021-10-04', 0.76, 53, 0.82)
(53, 73, '2021-10-04', 0.76, 53, 0.85)
(53, 73, '2021-10-04', 0.76, 53, 0.88)
(53, 73, '2021-10-04', 0.76, 53, 0.88)
(53, 73, '2021-10-04', 0.76, 53, 0.91)
(53, 73, '2021-10-04', 0.76, 53, 0.94)
(53, 73, '2021-10-04', 0.76, 53, 0.98)
(53, 74, '2016-01-27', 0.31, 53, 0.01)
(53, 74, '2016-01-27', 0.31, 53, 0.02)
(53, 74, '2016-01-27', 0.31, 53, 0.1)
(53, 74, '2016-01-27', 0.31, 53, 0.14)
(53, 74, '2016-01-27', 0.31, 53, 0.19)
(53, 74, '2016-01-27', 0.31, 53, 0.2)
(53, 74, '2016-01-27', 0.31, 53, 0.2)
(53, 74, '2016-01-27', 0.31, 53, 0.22)
(53, 74, '2016-01-27', 0.31, 53, 0.25)
(53, 74, '2016-01-27', 0.31, 53, 0.33)
(53, 74, '2016-01-27', 0.31, 53, 0.4)
(53, 74, '2016-01-27', 0.31, 53, 0.43)
(53, 74, '2016-01-27', 0.31, 53, 0.46)
(53, 74, '2016-01-27', 0.31, 53, 0.47)
(53, 74, '2016-01-27', 0.31, 53, 0.57)
(53, 74, '2016-01-27', 0.31, 53, 0.59)
(53, 74, '2016-01-27', 0.31, 53, 0.61)
(53, 74, '2016-01-27', 0.31, 53, 0.61)
(53, 74, '2016-01-27', 0.31, 53, 0.62)
(53, 74, '2016-01-27', 0.31, 53, 0.63)
(53, 74, '2016-01-27', 0.31, 53, 0.65)
(53, 74, '2016-01-27', 0.31, 53, 0.66)
(53, 74, '2016-01-27', 0.31, 53, 0.67)
(53, 74, '2016-01-27', 0.31, 53, 0.71)
(53, 74, '2016-01-27', 0.31, 53, 0.73)
(53, 74, '2016-01-27', 0.31, 53, 0.74)
(53, 74, '2016-01-27', 0.31, 53, 0.75)
(53, 74, '2016-01-27', 0.31, 53, 0.76)
(53, 74, '2016-01-27', 0.31, 53, 0.77)
(53, 74, '2016-01-27', 0.31, 53, 0.8)
(53, 74, '2016-01-27', 0.31, 53, 0.82)
(53, 74, '2016-01-27', 0.31, 53, 0.82)
(53, 74, '2016-01-27', 0.31, 53, 0.85)
(53, 74, '2016-01-27', 0.31, 53, 0.88)
(53, 74, '2016-01-27', 0.31, 53, 0.88)
(53, 74, '2016-01-27', 0.31, 53, 0.91)
(53, 74, '2016-01-27', 0.31, 53, 0.94)
(53, 74, '2016-01-27', 0.31, 53, 0.98)
(53, 79, '2008-06-28', 0.98, 53, 0.01)
(53, 79, '2008-06-28', 0.98, 53, 0.02)
(53, 79, '2008-06-28', 0.98, 53, 0.1)
(53, 79, '2008-06-28', 0.98, 53, 0.14)
(53, 79, '2008-06-28', 0.98, 53, 0.19)
(53, 79, '2008-06-28', 0.98, 53, 0.2)
(53, 79, '2008-06-28', 0.98, 53, 0.2)
(53, 79, '2008-06-28', 0.98, 53, 0.22)
(53, 79, '2008-06-28', 0.98, 53, 0.25)
(53, 79, '2008-06-28', 0.98, 53, 0.33)
(53, 79, '2008-06-28', 0.98, 53, 0.4)
(53, 79, '2008-06-28', 0.98, 53, 0.43)
(53, 79, '2008-06-28', 0.98, 53, 0.46)
(53, 79, '2008-06-28', 0.98, 53, 0.47)
(53, 79, '2008-06-28', 0.98, 53, 0.57)
(53, 79, '2008-06-28', 0.98, 53, 0.59)
(53, 79, '2008-06-28', 0.98, 53, 0.61)
(53, 79, '2008-06-28', 0.98, 53, 0.61)
(53, 79, '2008-06-28', 0.98, 53, 0.62)
(53, 79, '2008-06-28', 0.98, 53, 0.63)
(53, 79, '2008-06-28', 0.98, 53, 0.65)
(53, 79, '2008-06-28', 0.98, 53, 0.66)
(53, 79, '2008-06-28', 0.98, 53, 0.67)
(53, 79, '2008-06-28', 0.98, 53, 0.71)
(53, 79, '2008-06-28', 0.98, 53, 0.73)
(53, 79, '2008-06-28', 0.98, 53, 0.74)
(53, 79, '2008-06-28', 0.98, 53, 0.75)
(53, 79, '2008-06-28', 0.98, 53, 0.76)
(53, 79, '2008-06-28', 0.98, 53, 0.77)
(53, 79, '2008-06-28', 0.98, 53, 0.8)
(53, 79, '2008-06-28', 0.98, 53, 0.82)
(53, 79, '2008-06-28', 0.98, 53, 0.82)
(53, 79, '2008-06-28', 0.98, 53, 0.85)
(53, 79, '2008-06-28', 0.98, 53, 0.88)
(53, 79, '2008-06-28', 0.98, 53, 0.88)
(53, 79, '2008-06-28', 0.98, 53, 0.91)
(53, 79, '2008-06-28', 0.98, 53, 0.94)
(53, 79, '2008-06-28', 0.98, 53, 0.98)
(53, 83, '2008-06-29', 0.88, 53, 0.01)
(53, 83, '2008-06-29', 0.88, 53, 0.02)
(53, 83, '2008-06-29', 0.88, 53, 0.1)
(53, 83, '2008-06-29', 0.88, 53, 0.14)
(53, 83, '2008-06-29', 0.88, 53, 0.19)
(53, 83, '2008-06-29', 0.88, 53, 0.2)
(53, 83, '2008-06-29', 0.88, 53, 0.2)
(53, 83, '2008-06-29', 0.88, 53, 0.22)
(53, 83, '2008-06-29', 0.88, 53, 0.25)
(53, 83, '2008-06-29', 0.88, 53, 0.33)
(53, 83, '2008-06-29', 0.88, 53, 0.4)
(53, 83, '2008-06-29', 0.88, 53, 0.43)
(53, 83, '2008-06-29', 0.88, 53, 0.46)
(53, 83, '2008-06-29', 0.88, 53, 0.47)
(53, 83, '2008-06-29', 0.88, 53, 0.57)
(53, 83, '2008-06-29', 0.88, 53, 0.59)
(53, 83, '2008-06-29', 0.88, 53, 0.61)
(53, 83, '2008-06-29', 0.88, 53, 0.61)
(53, 83, '2008-06-29', 0.88, 53, 0.62)
(53, 83, '2008-06-29', 0.88, 53, 0.63)
(53, 83, '2008-06-29', 0.88, 53, 0.65)
(53, 83, '2008-06-29', 0.88, 53, 0.66)
(53, 83, '2008-06-29', 0.88, 53, 0.67)
(53, 83, '2008-06-29', 0.88, 53, 0.71)
(53, 83, '2008-06-29', 0.88, 53, 0.73)
(53, 83, '2008-06-29', 0.88, 53, 0.74)
(53, 83, '2008-06-29', 0.88, 53, 0.75)
(53, 83, '2008-06-29', 0.88, 53, 0.76)
(53, 83, '2008-06-29', 0.88, 53, 0.77)
(53, 83, '2008-06-29', 0.88, 53, 0.8)
(53, 83, '2008-06-29', 0.88, 53, 0.82)
(53, 83, '2008-06-29', 0.88, 53, 0.82)
(53, 83, '2008-06-29', 0.88, 53, 0.85)
(53, 83, '2008-06-29', 0.88, 53, 0.88)
(53, 83, '2008-06-29', 0.88, 53, 0.88)
(53, 83, '2008-06-29', 0.88, 53, 0.91)
(53, 83, '2008-06-29', 0.88, 53, 0.94)
(53, 83, '2008-06-29', 0.88, 53, 0.98)
(53, 90, '2011-01-24', 0.57, 53, 0.01)
(53, 90, '2011-01-24', 0.57, 53, 0.02)
(53, 90, '2011-01-24', 0.57, 53, 0.1)
(53, 90, '2011-01-24', 0.57, 53, 0.14)
(53, 90, '2011-01-24', 0.57, 53, 0.19)
(53, 90, '2011-01-24', 0.57, 53, 0.2)
(53, 90, '2011-01-24', 0.57, 53, 0.2)
(53, 90, '2011-01-24', 0.57, 53, 0.22)
(53, 90, '2011-01-24', 0.57, 53, 0.25)
(53, 90, '2011-01-24', 0.57, 53, 0.33)
(53, 90, '2011-01-24', 0.57, 53, 0.4)
(53, 90, '2011-01-24', 0.57, 53, 0.43)
(53, 90, '2011-01-24', 0.57, 53, 0.46)
(53, 90, '2011-01-24', 0.57, 53, 0.47)
(53, 90, '2011-01-24', 0.57, 53, 0.57)
(53, 90, '2011-01-24', 0.57, 53, 0.59)
(53, 90, '2011-01-24', 0.57, 53, 0.61)
(53, 90, '2011-01-24', 0.57, 53, 0.61)
(53, 90, '2011-01-24', 0.57, 53, 0.62)
(53, 90, '2011-01-24', 0.57, 53, 0.63)
(53, 90, '2011-01-24', 0.57, 53, 0.65)
(53, 90, '2011-01-24', 0.57, 53, 0.66)
(53, 90, '2011-01-24', 0.57, 53, 0.67)
(53, 90, '2011-01-24', 0.57, 53, 0.71)
(53, 90, '2011-01-24', 0.57, 53, 0.73)
(53, 90, '2011-01-24', 0.57, 53, 0.74)
(53, 90, '2011-01-24', 0.57, 53, 0.75)
(53, 90, '2011-01-24', 0.57, 53, 0.76)
(53, 90, '2011-01-24', 0.57, 53, 0.77)
(53, 90, '2011-01-24', 0.57, 53, 0.8)
(53, 90, '2011-01-24', 0.57, 53, 0.82)
(53, 90, '2011-01-24', 0.57, 53, 0.82)
(53, 90, '2011-01-24', 0.57, 53, 0.85)
(53, 90, '2011-01-24', 0.57, 53, 0.88)
(53, 90, '2011-01-24', 0.57, 53, 0.88)
(53, 90, '2011-01-24', 0.57, 53, 0.91)
(53, 90, '2011-01-24', 0.57, 53, 0.94)
(53, 90, '2011-01-24', 0.57, 53, 0.98)
(53, 91, '2007-06-06', 0.96, 53, 0.01)
(53, 91, '2007-06-06', 0.96, 53, 0.02)
(53, 91, '2007-06-06', 0.96, 53, 0.1)
(53, 91, '2007-06-06', 0.96, 53, 0.14)
(53, 91, '2007-06-06', 0.96, 53, 0.19)
(53, 91, '2007-06-06', 0.96, 53, 0.2)
(53, 91, '2007-06-06', 0.96, 53, 0.2)
(53, 91, '2007-06-06', 0.96, 53, 0.22)
(53, 91, '2007-06-06', 0.96, 53, 0.25)
(53, 91, '2007-06-06', 0.96, 53, 0.33)
(53, 91, '2007-06-06', 0.96, 53, 0.4)
(53, 91, '2007-06-06', 0.96, 53, 0.43)
(53, 91, '2007-06-06', 0.96, 53, 0.46)
(53, 91, '2007-06-06', 0.96, 53, 0.47)
(53, 91, '2007-06-06', 0.96, 53, 0.57)
(53, 91, '2007-06-06', 0.96, 53, 0.59)
(53, 91, '2007-06-06', 0.96, 53, 0.61)
(53, 91, '2007-06-06', 0.96, 53, 0.61)
(53, 91, '2007-06-06', 0.96, 53, 0.62)
(53, 91, '2007-06-06', 0.96, 53, 0.63)
(53, 91, '2007-06-06', 0.96, 53, 0.65)
(53, 91, '2007-06-06', 0.96, 53, 0.66)
(53, 91, '2007-06-06', 0.96, 53, 0.67)
(53, 91, '2007-06-06', 0.96, 53, 0.71)
(53, 91, '2007-06-06', 0.96, 53, 0.73)
(53, 91, '2007-06-06', 0.96, 53, 0.74)
(53, 91, '2007-06-06', 0.96, 53, 0.75)
(53, 91, '2007-06-06', 0.96, 53, 0.76)
(53, 91, '2007-06-06', 0.96, 53, 0.77)
(53, 91, '2007-06-06', 0.96, 53, 0.8)
(53, 91, '2007-06-06', 0.96, 53, 0.82)
(53, 91, '2007-06-06', 0.96, 53, 0.82)
(53, 91, '2007-06-06', 0.96, 53, 0.85)
(53, 91, '2007-06-06', 0.96, 53, 0.88)
(53, 91, '2007-06-06', 0.96, 53, 0.88)
(53, 91, '2007-06-06', 0.96, 53, 0.91)
(53, 91, '2007-06-06', 0.96, 53, 0.94)
(53, 91, '2007-06-06', 0.96, 53, 0.98)
(53, 92, '2017-05-15', 0.49, 53, 0.01)
(53, 92, '2017-05-15', 0.49, 53, 0.02)
(53, 92, '2017-05-15', 0.49, 53, 0.1)
(53, 92, '2017-05-15', 0.49, 53, 0.14)
(53, 92, '2017-05-15', 0.49, 53, 0.19)
(53, 92, '2017-05-15', 0.49, 53, 0.2)
(53, 92, '2017-05-15', 0.49, 53, 0.2)
(53, 92, '2017-05-15', 0.49, 53, 0.22)
(53, 92, '2017-05-15', 0.49, 53, 0.25)
(53, 92, '2017-05-15', 0.49, 53, 0.33)
(53, 92, '2017-05-15', 0.49, 53, 0.4)
(53, 92, '2017-05-15', 0.49, 53, 0.43)
(53, 92, '2017-05-15', 0.49, 53, 0.46)
(53, 92, '2017-05-15', 0.49, 53, 0.47)
(53, 92, '2017-05-15', 0.49, 53, 0.57)
(53, 92, '2017-05-15', 0.49, 53, 0.59)
(53, 92, '2017-05-15', 0.49, 53, 0.61)
(53, 92, '2017-05-15', 0.49, 53, 0.61)
(53, 92, '2017-05-15', 0.49, 53, 0.62)
(53, 92, '2017-05-15', 0.49, 53, 0.63)
(53, 92, '2017-05-15', 0.49, 53, 0.65)
(53, 92, '2017-05-15', 0.49, 53, 0.66)
(53, 92, '2017-05-15', 0.49, 53, 0.67)
(53, 92, '2017-05-15', 0.49, 53, 0.71)
(53, 92, '2017-05-15', 0.49, 53, 0.73)
(53, 92, '2017-05-15', 0.49, 53, 0.74)
(53, 92, '2017-05-15', 0.49, 53, 0.75)
(53, 92, '2017-05-15', 0.49, 53, 0.76)
(53, 92, '2017-05-15', 0.49, 53, 0.77)
(53, 92, '2017-05-15', 0.49, 53, 0.8)
(53, 92, '2017-05-15', 0.49, 53, 0.82)
(53, 92, '2017-05-15', 0.49, 53, 0.82)
(53, 92, '2017-05-15', 0.49, 53, 0.85)
(53, 92, '2017-05-15', 0.49, 53, 0.88)
(53, 92, '2017-05-15', 0.49, 53, 0.88)
(53, 92, '2017-05-15', 0.49, 53, 0.91)
(53, 92, '2017-05-15', 0.49, 53, 0.94)
(53, 92, '2017-05-15', 0.49, 53, 0.98)
(53, 96, '2003-11-13', 0.75, 53, 0.01)
(53, 96, '2003-11-13', 0.75, 53, 0.02)
(53, 96, '2003-11-13', 0.75, 53, 0.1)
(53, 96, '2003-11-13', 0.75, 53, 0.14)
(53, 96, '2003-11-13', 0.75, 53, 0.19)
(53, 96, '2003-11-13', 0.75, 53, 0.2)
(53, 96, '2003-11-13', 0.75, 53, 0.2)
(53, 96, '2003-11-13', 0.75, 53, 0.22)
(53, 96, '2003-11-13', 0.75, 53, 0.25)
(53, 96, '2003-11-13', 0.75, 53, 0.33)
(53, 96, '2003-11-13', 0.75, 53, 0.4)
(53, 96, '2003-11-13', 0.75, 53, 0.43)
(53, 96, '2003-11-13', 0.75, 53, 0.46)
(53, 96, '2003-11-13', 0.75, 53, 0.47)
(53, 96, '2003-11-13', 0.75, 53, 0.57)
(53, 96, '2003-11-13', 0.75, 53, 0.59)
(53, 96, '2003-11-13', 0.75, 53, 0.61)
(53, 96, '2003-11-13', 0.75, 53, 0.61)
(53, 96, '2003-11-13', 0.75, 53, 0.62)
(53, 96, '2003-11-13', 0.75, 53, 0.63)
(53, 96, '2003-11-13', 0.75, 53, 0.65)
(53, 96, '2003-11-13', 0.75, 53, 0.66)
(53, 96, '2003-11-13', 0.75, 53, 0.67)
(53, 96, '2003-11-13', 0.75, 53, 0.71)
(53, 96, '2003-11-13', 0.75, 53, 0.73)
(53, 96, '2003-11-13', 0.75, 53, 0.74)
(53, 96, '2003-11-13', 0.75, 53, 0.75)
(53, 96, '2003-11-13', 0.75, 53, 0.76)
(53, 96, '2003-11-13', 0.75, 53, 0.77)
(53, 96, '2003-11-13', 0.75, 53, 0.8)
(53, 96, '2003-11-13', 0.75, 53, 0.82)
(53, 96, '2003-11-13', 0.75, 53, 0.82)
(53, 96, '2003-11-13', 0.75, 53, 0.85)
(53, 96, '2003-11-13', 0.75, 53, 0.88)
(53, 96, '2003-11-13', 0.75, 53, 0.88)
(53, 96, '2003-11-13', 0.75, 53, 0.91)
(53, 96, '2003-11-13', 0.75, 53, 0.94)
(53, 96, '2003-11-13', 0.75, 53, 0.98)
(63, 8, '2022-11-28', 0.03, 63, 0.0)
(63, 8, '2022-11-28', 0.03, 63, 0.01)
(63, 8, '2022-11-28', 0.03, 63, 0.03)
(63, 8, '2022-11-28', 0.03, 63, 0.07)
(63, 8, '2022-11-28', 0.03, 63, 0.08)
(63, 8, '2022-11-28', 0.03, 63, 0.13)
(63, 8, '2022-11-28', 0.03, 63, 0.16)
(63, 8, '2022-11-28', 0.03, 63, 0.17)
(63, 8, '2022-11-28', 0.03, 63, 0.27)
(63, 8, '2022-11-28', 0.03, 63, 0.29)
(63, 8, '2022-11-28', 0.03, 63, 0.33)
(63, 8, '2022-11-28', 0.03, 63, 0.37)
(63, 8, '2022-11-28', 0.03, 63, 0.38)
(63, 8, '2022-11-28', 0.03, 63, 0.4)
(63, 8, '2022-11-28', 0.03, 63, 0.46)
(63, 8, '2022-11-28', 0.03, 63, 0.49)
(63, 8, '2022-11-28', 0.03, 63, 0.49)
(63, 8, '2022-11-28', 0.03, 63, 0.5)
(63, 8, '2022-11-28', 0.03, 63, 0.54)
(63, 8, '2022-11-28', 0.03, 63, 0.56)
(63, 8, '2022-11-28', 0.03, 63, 0.66)
(63, 8, '2022-11-28', 0.03, 63, 0.67)
(63, 8, '2022-11-28', 0.03, 63, 0.67)
(63, 8, '2022-11-28', 0.03, 63, 0.75)
(63, 8, '2022-11-28', 0.03, 63, 0.75)
(63, 8, '2022-11-28', 0.03, 63, 0.75)
(63, 8, '2022-11-28', 0.03, 63, 0.78)
(63, 8, '2022-11-28', 0.03, 63, 0.79)
(63, 8, '2022-11-28', 0.03, 63, 0.84)
(63, 8, '2022-11-28', 0.03, 63, 0.86)
(63, 8, '2022-11-28', 0.03, 63, 0.97)
(63, 8, '2022-11-28', 0.03, 63, 0.97)
(63, 11, '2012-07-15', 0.85, 63, 0.0)
(63, 11, '2012-07-15', 0.85, 63, 0.01)
(63, 11, '2012-07-15', 0.85, 63, 0.03)
(63, 11, '2012-07-15', 0.85, 63, 0.07)
(63, 11, '2012-07-15', 0.85, 63, 0.08)
(63, 11, '2012-07-15', 0.85, 63, 0.13)
(63, 11, '2012-07-15', 0.85, 63, 0.16)
(63, 11, '2012-07-15', 0.85, 63, 0.17)
(63, 11, '2012-07-15', 0.85, 63, 0.27)
(63, 11, '2012-07-15', 0.85, 63, 0.29)
(63, 11, '2012-07-15', 0.85, 63, 0.33)
(63, 11, '2012-07-15', 0.85, 63, 0.37)
(63, 11, '2012-07-15', 0.85, 63, 0.38)
(63, 11, '2012-07-15', 0.85, 63, 0.4)
(63, 11, '2012-07-15', 0.85, 63, 0.46)
(63, 11, '2012-07-15', 0.85, 63, 0.49)
(63, 11, '2012-07-15', 0.85, 63, 0.49)
(63, 11, '2012-07-15', 0.85, 63, 0.5)
(63, 11, '2012-07-15', 0.85, 63, 0.54)
(63, 11, '2012-07-15', 0.85, 63, 0.56)
(63, 11, '2012-07-15', 0.85, 63, 0.66)
(63, 11, '2012-07-15', 0.85, 63, 0.67)
(63, 11, '2012-07-15', 0.85, 63, 0.67)
(63, 11, '2012-07-15', 0.85, 63, 0.75)
(63, 11, '2012-07-15', 0.85, 63, 0.75)
(63, 11, '2012-07-15', 0.85, 63, 0.75)
(63, 11, '2012-07-15', 0.85, 63, 0.78)
(63, 11, '2012-07-15', 0.85, 63, 0.79)
(63, 11, '2012-07-15', 0.85, 63, 0.84)
(63, 11, '2012-07-15', 0.85, 63, 0.86)
(63, 11, '2012-07-15', 0.85, 63, 0.97)
(63, 11, '2012-07-15', 0.85, 63, 0.97)
(63, 24, '2005-01-19', 0.88, 63, 0.0)
(63, 24, '2005-01-19', 0.88, 63, 0.01)
(63, 24, '2005-01-19', 0.88, 63, 0.03)
(63, 24, '2005-01-19', 0.88, 63, 0.07)
(63, 24, '2005-01-19', 0.88, 63, 0.08)
(63, 24, '2005-01-19', 0.88, 63, 0.13)
(63, 24, '2005-01-19', 0.88, 63, 0.16)
(63, 24, '2005-01-19', 0.88, 63, 0.17)
(63, 24, '2005-01-19', 0.88, 63, 0.27)
(63, 24, '2005-01-19', 0.88, 63, 0.29)
(63, 24, '2005-01-19', 0.88, 63, 0.33)
(63, 24, '2005-01-19', 0.88, 63, 0.37)
(63, 24, '2005-01-19', 0.88, 63, 0.38)
(63, 24, '2005-01-19', 0.88, 63, 0.4)
(63, 24, '2005-01-19', 0.88, 63, 0.46)
(63, 24, '2005-01-19', 0.88, 63, 0.49)
(63, 24, '2005-01-19', 0.88, 63, 0.49)
(63, 24, '2005-01-19', 0.88, 63, 0.5)
(63, 24, '2005-01-19', 0.88, 63, 0.54)
(63, 24, '2005-01-19', 0.88, 63, 0.56)
(63, 24, '2005-01-19', 0.88, 63, 0.66)
(63, 24, '2005-01-19', 0.88, 63, 0.67)
(63, 24, '2005-01-19', 0.88, 63, 0.67)
(63, 24, '2005-01-19', 0.88, 63, 0.75)
(63, 24, '2005-01-19', 0.88, 63, 0.75)
(63, 24, '2005-01-19', 0.88, 63, 0.75)
(63, 24, '2005-01-19', 0.88, 63, 0.78)
(63, 24, '2005-01-19', 0.88, 63, 0.79)
(63, 24, '2005-01-19', 0.88, 63, 0.84)
(63, 24, '2005-01-19', 0.88, 63, 0.86)
(63, 24, '2005-01-19', 0.88, 63, 0.97)
(63, 24, '2005-01-19', 0.88, 63, 0.97)
(63, 27, '2005-06-09', 0.88, 63, 0.0)
(63, 27, '2005-06-09', 0.88, 63, 0.01)
(63, 27, '2005-06-09', 0.88, 63, 0.03)
(63, 27, '2005-06-09', 0.88, 63, 0.07)
(63, 27, '2005-06-09', 0.88, 63, 0.08)
(63, 27, '2005-06-09', 0.88, 63, 0.13)
(63, 27, '2005-06-09', 0.88, 63, 0.16)
(63, 27, '2005-06-09', 0.88, 63, 0.17)
(63, 27, '2005-06-09', 0.88, 63, 0.27)
(63, 27, '2005-06-09', 0.88, 63, 0.29)
(63, 27, '2005-06-09', 0.88, 63, 0.33)
(63, 27, '2005-06-09', 0.88, 63, 0.37)
(63, 27, '2005-06-09', 0.88, 63, 0.38)
(63, 27, '2005-06-09', 0.88, 63, 0.4)
(63, 27, '2005-06-09', 0.88, 63, 0.46)
(63, 27, '2005-06-09', 0.88, 63, 0.49)
(63, 27, '2005-06-09', 0.88, 63, 0.49)
(63, 27, '2005-06-09', 0.88, 63, 0.5)
(63, 27, '2005-06-09', 0.88, 63, 0.54)
(63, 27, '2005-06-09', 0.88, 63, 0.56)
(63, 27, '2005-06-09', 0.88, 63, 0.66)
(63, 27, '2005-06-09', 0.88, 63, 0.67)
(63, 27, '2005-06-09', 0.88, 63, 0.67)
(63, 27, '2005-06-09', 0.88, 63, 0.75)
(63, 27, '2005-06-09', 0.88, 63, 0.75)
(63, 27, '2005-06-09', 0.88, 63, 0.75)
(63, 27, '2005-06-09', 0.88, 63, 0.78)
(63, 27, '2005-06-09', 0.88, 63, 0.79)
(63, 27, '2005-06-09', 0.88, 63, 0.84)
(63, 27, '2005-06-09', 0.88, 63, 0.86)
(63, 27, '2005-06-09', 0.88, 63, 0.97)
(63, 27, '2005-06-09', 0.88, 63, 0.97)
(63, 36, '2004-02-15', 0.67, 63, 0.0)
(63, 36, '2004-02-15', 0.67, 63, 0.01)
(63, 36, '2004-02-15', 0.67, 63, 0.03)
(63, 36, '2004-02-15', 0.67, 63, 0.07)
(63, 36, '2004-02-15', 0.67, 63, 0.08)
(63, 36, '2004-02-15', 0.67, 63, 0.13)
(63, 36, '2004-02-15', 0.67, 63, 0.16)
(63, 36, '2004-02-15', 0.67, 63, 0.17)
(63, 36, '2004-02-15', 0.67, 63, 0.27)
(63, 36, '2004-02-15', 0.67, 63, 0.29)
(63, 36, '2004-02-15', 0.67, 63, 0.33)
(63, 36, '2004-02-15', 0.67, 63, 0.37)
(63, 36, '2004-02-15', 0.67, 63, 0.38)
(63, 36, '2004-02-15', 0.67, 63, 0.4)
(63, 36, '2004-02-15', 0.67, 63, 0.46)
(63, 36, '2004-02-15', 0.67, 63, 0.49)
(63, 36, '2004-02-15', 0.67, 63, 0.49)
(63, 36, '2004-02-15', 0.67, 63, 0.5)
(63, 36, '2004-02-15', 0.67, 63, 0.54)
(63, 36, '2004-02-15', 0.67, 63, 0.56)
(63, 36, '2004-02-15', 0.67, 63, 0.66)
(63, 36, '2004-02-15', 0.67, 63, 0.67)
(63, 36, '2004-02-15', 0.67, 63, 0.67)
(63, 36, '2004-02-15', 0.67, 63, 0.75)
(63, 36, '2004-02-15', 0.67, 63, 0.75)
(63, 36, '2004-02-15', 0.67, 63, 0.75)
(63, 36, '2004-02-15', 0.67, 63, 0.78)
(63, 36, '2004-02-15', 0.67, 63, 0.79)
(63, 36, '2004-02-15', 0.67, 63, 0.84)
(63, 36, '2004-02-15', 0.67, 63, 0.86)
(63, 36, '2004-02-15', 0.67, 63, 0.97)
(63, 36, '2004-02-15', 0.67, 63, 0.97)
(63, 42, '2017-03-16', 0.03, 63, 0.0)
(63, 42, '2017-03-16', 0.03, 63, 0.01)
(63, 42, '2017-03-16', 0.03, 63, 0.03)
(63, 42, '2017-03-16', 0.03, 63, 0.07)
(63, 42, '2017-03-16', 0.03, 63, 0.08)
(63, 42, '2017-03-16', 0.03, 63, 0.13)
(63, 42, '2017-03-16', 0.03, 63, 0.16)
(63, 42, '2017-03-16', 0.03, 63, 0.17)
(63, 42, '2017-03-16', 0.03, 63, 0.27)
(63, 42, '2017-03-16', 0.03, 63, 0.29)
(63, 42, '2017-03-16', 0.03, 63, 0.33)
(63, 42, '2017-03-16', 0.03, 63, 0.37)
(63, 42, '2017-03-16', 0.03, 63, 0.38)
(63, 42, '2017-03-16', 0.03, 63, 0.4)
(63, 42, '2017-03-16', 0.03, 63, 0.46)
(63, 42, '2017-03-16', 0.03, 63, 0.49)
(63, 42, '2017-03-16', 0.03, 63, 0.49)
(63, 42, '2017-03-16', 0.03, 63, 0.5)
(63, 42, '2017-03-16', 0.03, 63, 0.54)
(63, 42, '2017-03-16', 0.03, 63, 0.56)
(63, 42, '2017-03-16', 0.03, 63, 0.66)
(63, 42, '2017-03-16', 0.03, 63, 0.67)
(63, 42, '2017-03-16', 0.03, 63, 0.67)
(63, 42, '2017-03-16', 0.03, 63, 0.75)
(63, 42, '2017-03-16', 0.03, 63, 0.75)
(63, 42, '2017-03-16', 0.03, 63, 0.75)
(63, 42, '2017-03-16', 0.03, 63, 0.78)
(63, 42, '2017-03-16', 0.03, 63, 0.79)
(63, 42, '2017-03-16', 0.03, 63, 0.84)
(63, 42, '2017-03-16', 0.03, 63, 0.86)
(63, 42, '2017-03-16', 0.03, 63, 0.97)
(63, 42, '2017-03-16', 0.03, 63, 0.97)
(63, 62, '2001-10-22', 0.82, 63, 0.0)
(63, 62, '2001-10-22', 0.82, 63, 0.01)
(63, 62, '2001-10-22', 0.82, 63, 0.03)
(63, 62, '2001-10-22', 0.82, 63, 0.07)
(63, 62, '2001-10-22', 0.82, 63, 0.08)
(63, 62, '2001-10-22', 0.82, 63, 0.13)
(63, 62, '2001-10-22', 0.82, 63, 0.16)
(63, 62, '2001-10-22', 0.82, 63, 0.17)
(63, 62, '2001-10-22', 0.82, 63, 0.27)
(63, 62, '2001-10-22', 0.82, 63, 0.29)
(63, 62, '2001-10-22', 0.82, 63, 0.33)
(63, 62, '2001-10-22', 0.82, 63, 0.37)
(63, 62, '2001-10-22', 0.82, 63, 0.38)
(63, 62, '2001-10-22', 0.82, 63, 0.4)
(63, 62, '2001-10-22', 0.82, 63, 0.46)
(63, 62, '2001-10-22', 0.82, 63, 0.49)
(63, 62, '2001-10-22', 0.82, 63, 0.49)
(63, 62, '2001-10-22', 0.82, 63, 0.5)
(63, 62, '2001-10-22', 0.82, 63, 0.54)
(63, 62, '2001-10-22', 0.82, 63, 0.56)
(63, 62, '2001-10-22', 0.82, 63, 0.66)
(63, 62, '2001-10-22', 0.82, 63, 0.67)
(63, 62, '2001-10-22', 0.82, 63, 0.67)
(63, 62, '2001-10-22', 0.82, 63, 0.75)
(63, 62, '2001-10-22', 0.82, 63, 0.75)
(63, 62, '2001-10-22', 0.82, 63, 0.75)
(63, 62, '2001-10-22', 0.82, 63, 0.78)
(63, 62, '2001-10-22', 0.82, 63, 0.79)
(63, 62, '2001-10-22', 0.82, 63, 0.84)
(63, 62, '2001-10-22', 0.82, 63, 0.86)
(63, 62, '2001-10-22', 0.82, 63, 0.97)
(63, 62, '2001-10-22', 0.82, 63, 0.97)
(63, 73, '2021-10-13', 0.19, 63, 0.0)
(63, 73, '2021-10-13', 0.19, 63, 0.01)
(63, 73, '2021-10-13', 0.19, 63, 0.03)
(63, 73, '2021-10-13', 0.19, 63, 0.07)
(63, 73, '2021-10-13', 0.19, 63, 0.08)
(63, 73, '2021-10-13', 0.19, 63, 0.13)
(63, 73, '2021-10-13', 0.19, 63, 0.16)
(63, 73, '2021-10-13', 0.19, 63, 0.17)
(63, 73, '2021-10-13', 0.19, 63, 0.27)
(63, 73, '2021-10-13', 0.19, 63, 0.29)
(63, 73, '2021-10-13', 0.19, 63, 0.33)
(63, 73, '2021-10-13', 0.19, 63, 0.37)
(63, 73, '2021-10-13', 0.19, 63, 0.38)
(63, 73, '2021-10-13', 0.19, 63, 0.4)
(63, 73, '2021-10-13', 0.19, 63, 0.46)
(63, 73, '2021-10-13', 0.19, 63, 0.49)
(63, 73, '2021-10-13', 0.19, 63, 0.49)
(63, 73, '2021-10-13', 0.19, 63, 0.5)
(63, 73, '2021-10-13', 0.19, 63, 0.54)
(63, 73, '2021-10-13', 0.19, 63, 0.56)
(63, 73, '2021-10-13', 0.19, 63, 0.66)
(63, 73, '2021-10-13', 0.19, 63, 0.67)
(63, 73, '2021-10-13', 0.19, 63, 0.67)
(63, 73, '2021-10-13', 0.19, 63, 0.75)
(63, 73, '2021-10-13', 0.19, 63, 0.75)
(63, 73, '2021-10-13', 0.19, 63, 0.75)
(63, 73, '2021-10-13', 0.19, 63, 0.78)
(63, 73, '2021-10-13', 0.19, 63, 0.79)
(63, 73, '2021-10-13', 0.19, 63, 0.84)
(63, 73, '2021-10-13', 0.19, 63, 0.86)
(63, 73, '2021-10-13', 0.19, 63, 0.97)
(63, 73, '2021-10-13', 0.19, 63, 0.97)
(63, 74, '2001-05-30', 0.65, 63, 0.0)
(63, 74, '2001-05-30', 0.65, 63, 0.01)
(63, 74, '2001-05-30', 0.65, 63, 0.03)
(63, 74, '2001-05-30', 0.65, 63, 0.07)
(63, 74, '2001-05-30', 0.65, 63, 0.08)
(63, 74, '2001-05-30', 0.65, 63, 0.13)
(63, 74, '2001-05-30', 0.65, 63, 0.16)
(63, 74, '2001-05-30', 0.65, 63, 0.17)
(63, 74, '2001-05-30', 0.65, 63, 0.27)
(63, 74, '2001-05-30', 0.65, 63, 0.29)
(63, 74, '2001-05-30', 0.65, 63, 0.33)
(63, 74, '2001-05-30', 0.65, 63, 0.37)
(63, 74, '2001-05-30', 0.65, 63, 0.38)
(63, 74, '2001-05-30', 0.65, 63, 0.4)
(63, 74, '2001-05-30', 0.65, 63, 0.46)
(63, 74, '2001-05-30', 0.65, 63, 0.49)
(63, 74, '2001-05-30', 0.65, 63, 0.49)
(63, 74, '2001-05-30', 0.65, 63, 0.5)
(63, 74, '2001-05-30', 0.65, 63, 0.54)
(63, 74, '2001-05-30', 0.65, 63, 0.56)
(63, 74, '2001-05-30', 0.65, 63, 0.66)
(63, 74, '2001-05-30', 0.65, 63, 0.67)
(63, 74, '2001-05-30', 0.65, 63, 0.67)
(63, 74, '2001-05-30', 0.65, 63, 0.75)
(63, 74, '2001-05-30', 0.65, 63, 0.75)
(63, 74, '2001-05-30', 0.65, 63, 0.75)
(63, 74, '2001-05-30', 0.65, 63, 0.78)
(63, 74, '2001-05-30', 0.65, 63, 0.79)
(63, 74, '2001-05-30', 0.65, 63, 0.84)
(63, 74, '2001-05-30', 0.65, 63, 0.86)
(63, 74, '2001-05-30', 0.65, 63, 0.97)
(63, 74, '2001-05-30', 0.65, 63, 0.97)
(ROLLBACK, None)
